102.072 -3.00000 -1.68750 -2.81250
125.451 -2.37500 -1.87500 -2.00000
155.200 -2.12500 -1.87500 -1.56250
184.697 -2.25000 -1.50000 -0.375000
207.213 -2.06250 -1.06250 0.250000
290.307 -2.12500 -0.562500 1.37500
319.634 -2.00000 -0.187500 1.81250
334.584 -1.56250 0.375000 2.37500
379.654 -0.125000 0.750000 2.00000
394.727 -0.687500 0.937500 2.12500
432.126 -0.812500 1.00000 0.687500
447.172 1.56250 0.375000 0.687500
492.760 -0.687500 0.625000 0.312500
522.214 -0.312500 0.937500 0.625000
559.791 1.37500 0.750000 1.00000
575.217 0.562500 0.937500 0.625000
657.248 -0.812500 0.562500 -0.125000
679.765 0.312500 0.375000 -1.56250
694.712 1.75000 0.187500 -1.93750
717.083 2.50000 -0.0625000 -2.50000
740.193 2.06250 0.0625000 -2.56250
799.642 0.937500 0.812500 -2.12500
911.850 0.312500 1.31250 -0.562500
957.559 -0.125000 1.12500 -0.250000
1009.79 -0.0625000 0.750000 0.00000
1084.63 0.687500 0.0625000 -0.625000
1114.52 -2.12500 0.125000 -0.812500
1137.21 1.50000 -0.937500 -1.31250
1159.61 1.25000 -1.06250 -1.56250
1219.03 -2.06250 -0.562500 -1.12500
1272.34 -0.0625000 -0.500000 -0.875000
1287.12 0.187500 -0.437500 -1.18750
1317.06 -1.18750 -0.250000 -1.37500
1340.19 -3.50000 -0.125000 -1.18750
1369.61 -4.68750 0.187500 -1.37500
1384.77 -2.56250 0.250000 -1.43750
1404.90 -0.500000 0.312500 -1.68750
1429.67 -1.50000 0.500000 -2.12500
1457.56 -2.68750 0.750000 -2.00000
1490.15 -2.93750 0.812500 -1.75000
1511.81 -2.25000 1.00000 -1.62500
1527.17 -1.18750 1.06250 -1.18750
1564.61 -2.56250 1.25000 -0.187500
1587.12 -3.06250 1.12500 0.312500
1602.12 -3.18750 0.875000 0.625000
1624.61 -2.81250 0.750000 0.812500
1660.21 -2.18750 0.500000 0.937500
1699.32 -3.43750 0.375000 1.06250
1759.68 -3.75000 0.187500 0.687500
1789.89 -2.43750 -0.250000 0.625000
1804.64 -2.56250 -0.375000 0.625000
1819.64 -3.81250 -0.500000 -0.437500
1834.38 -0.625000 -1.75000 -1.18750
1849.50 -2.43750 -1.37500 -1.62500
1872.71 -2.93750 -1.06250 -1.37500
1917.06 -2.56250 -1.06250 -0.687500
1932.05 -1.93750 -0.875000 -0.625000
1977.10 -1.62500 -0.187500 -1.18750
2006.80 -2.87500 0.00000 -1.25000
2044.78 -3.68750 0.750000 -1.75000
2066.54 -2.81250 0.812500 -1.62500
2089.82 -2.87500 1.00000 -1.56250
2103.88 -3.31250 1.06250 -1.43750
2142.22 -3.50000 1.25000 -0.750000
2157.51 -3.75000 1.43750 -0.500000
2187.04 -3.87500 1.43750 -0.125000
2209.78 -3.81250 1.31250 0.250000
2240.84 -3.87500 1.12500 0.750000
2269.63 -4.06250 0.875000 0.812500
2299.05 -3.37500 0.500000 1.12500
2327.17 -2.87500 0.187500 2.06250
2351.98 -2.87500 0.250000 2.18750
2382.01 -3.43750 0.375000 2.18750
2397.21 -3.56250 0.437500 1.75000
2419.60 -2.75000 0.312500 1.50000
2449.53 -3.18750 0.312500 1.43750
2472.28 -5.31250 0.937500 0.750000
2502.14 -4.62500 0.812500 -0.0625000
2532.72 -2.00000 0.125000 -0.750000
2546.99 -3.37500 0.562500 -1.00000
2577.44 -2.62500 1.06250 -0.937500
2599.58 -2.81250 0.875000 -0.812500
2629.61 -3.68750 1.12500 -0.937500
2658.09 -3.87500 1.50000 -1.06250
2675.04 -3.37500 1.56250 -0.750000
2734.55 -5.31250 1.93750 -0.375000
2764.58 -4.68750 1.62500 -0.625000
2786.20 -4.12500 1.37500 -0.937500
2825.27 -3.31250 1.06250 -1.31250
2862.04 -2.50000 0.937500 -1.31250
2890.78 -2.56250 1.37500 -0.687500
2913.99 -2.93750 1.50000 -0.375000
2944.56 -3.31250 1.75000 -0.125000
2959.00 -3.62500 1.87500 0.0625000
2994.74 -4.00000 2.00000 0.125000
3011.31 -4.18750 1.93750 -0.125000
3034.63 -3.81250 1.75000 -0.437500
3072.12 -3.37500 1.68750 -0.500000
3101.90 -3.75000 1.68750 -0.875000
3125.23 -3.56250 1.62500 -1.06250
3162.09 -6.18750 1.75000 -1.43750
3192.78 -4.37500 1.00000 -1.43750
3229.97 -3.87500 0.125000 -1.50000
3244.16 -4.62500 0.437500 -1.37500
3259.66 -4.06250 0.500000 -1.12500
3296.91 -2.87500 0.250000 -0.812500
3312.22 -3.75000 0.625000 -1.06250
3334.54 -4.06250 1.00000 -1.18750
3364.61 -4.37500 1.25000 -0.937500
3379.71 -5.37500 1.75000 -0.562500
3408.92 -6.00000 2.18750 -0.750000
3432.04 -5.68750 2.56250 -0.750000
3454.61 -6.12500 2.56250 -0.875000
3469.42 -6.37500 2.43750 -1.12500
3484.52 -6.31250 2.37500 -1.25000
3506.19 -6.00000 2.31250 -1.37500
3529.30 -5.50000 2.37500 -1.43750
3544.70 -5.31250 2.00000 -1.43750
3567.05 -5.25000 1.81250 -1.12500
3590.00 -5.68750 1.68750 -0.812500
3610.72 -6.18750 1.75000 -0.437500
3627.11 -6.56250 1.68750 -0.125000
3649.52 -6.31250 1.81250 0.00000
3670.71 -5.93750 2.06250 0.0625000
3687.00 -6.56250 2.25000 -0.187500
3710.26 -7.25000 2.37500 -0.375000
3731.97 -7.31250 2.43750 -0.687500
3747.09 -6.75000 2.43750 -0.625000
3777.66 -6.75000 2.50000 -0.875000
3798.70 -6.12500 2.68750 -1.12500
3814.56 -5.62500 2.62500 -1.12500
3829.54 -7.18750 3.06250 -0.687500
3851.87 -8.93750 3.12500 -1.06250
3865.91 -6.75000 2.75000 -1.25000
3889.54 -4.56250 2.12500 -1.00000
3919.46 -5.87500 2.06250 -0.937500
3934.67 -7.68750 2.18750 -0.687500
3957.72 -6.50000 2.12500 0.00000
3972.22 -5.06250 1.93750 0.312500
3986.87 -4.87500 1.87500 0.437500
4010.24 -5.56250 2.18750 0.375000
4032.13 -6.00000 2.50000 0.250000
4047.06 -7.37500 2.75000 0.562500
4069.50 -9.31250 2.93750 0.562500
4092.17 -9.37500 3.18750 0.187500
4107.46 -8.00000 3.06250 0.0625000
4129.45 -7.62500 2.87500 -0.312500
4159.08 -7.87500 3.00000 -0.500000
4174.53 -8.06250 3.00000 -0.562500
4212.10 -8.43750 2.87500 -0.312500
4227.11 -8.62500 3.12500 -0.250000
4249.12 -8.62500 2.93750 -0.250000
4272.06 -8.87500 2.75000 -0.125000
4286.96 -9.50000 2.62500 -0.125000
4310.18 -9.43750 2.56250 -0.125000
4332.12 -8.81250 2.50000 -0.187500
4346.98 -8.12500 2.37500 -0.187500
4369.46 -7.56250 2.31250 -0.312500
4392.12 -7.43750 2.25000 -0.375000
4407.52 -7.50000 2.31250 -0.375000
4429.67 -8.50000 2.62500 -0.500000
4452.00 -7.75000 2.81250 -0.625000
4474.79 -6.62500 2.68750 -0.312500
4497.09 -7.50000 3.00000 -0.0625000
4512.15 -9.31250 3.37500 -0.312500
4527.07 -8.12500 3.00000 -0.500000
4549.57 -5.12500 1.93750 -0.500000
4571.97 -4.81250 1.50000 -0.937500
4610.21 -4.06250 1.12500 -1.25000
4640.72 -2.93750 0.937500 -1.06250
4692.16 -3.06250 0.312500 -1.43750
4729.52 -4.06250 0.187500 -1.31250
4758.01 -5.00000 0.437500 -1.37500
4812.49 -3.25000 0.250000 -1.62500
4849.50 -3.43750 0.625000 -1.62500
4872.23 -4.31250 1.00000 -1.43750
4925.36 -4.37500 1.31250 -0.937500
4976.77 -2.50000 0.875000 -0.750000
4999.40 -1.93750 0.562500 -0.687500
5036.82 -1.25000 -0.187500 -0.625000
5067.06 -0.750000 -0.187500 -0.562500
5119.41 0.500000 -0.187500 -0.312500
5134.44 0.750000 0.00000 0.0625000
5157.09 -0.187500 0.125000 0.312500
5179.56 0.250000 0.00000 0.437500
5232.02 -2.12500 0.875000 0.00000
5247.05 -0.0625000 0.125000 -0.0625000
5269.77 -0.375000 -0.687500 0.0625000
5306.97 -0.812500 -0.375000 0.125000
5344.91 0.375000 0.0625000 0.875000
5397.02 -2.43750 0.562500 0.937500
5427.55 -2.37500 0.750000 1.00000
5449.43 -2.68750 0.875000 0.375000
5502.01 -1.68750 0.375000 -0.125000
5531.97 -1.18750 0.125000 -0.187500
5614.44 0.312500 0.125000 0.687500
5665.53 0.437500 0.0625000 0.875000
5696.99 1.18750 -0.250000 1.06250
5749.51 0.937500 -0.375000 0.437500
5764.28 0.687500 -0.375000 0.250000
5779.52 0.750000 -0.375000 -0.125000
5809.88 0.812500 -0.375000 -0.250000
5831.85 0.375000 -0.250000 -0.250000
5844.86 0.0625000 -0.250000 -0.562500
5884.50 0.562500 -0.812500 -0.437500
5897.68 0.687500 -1.06250 -0.187500
5921.98 -0.312500 -0.812500 -0.562500
5944.34 0.875000 -1.06250 -0.937500
5977.12 3.93750 -1.93750 -0.750000
5989.48 4.12500 -2.37500 -0.875000
6004.22 3.43750 -2.56250 -0.500000
6019.47 4.62500 -2.62500 -0.125000
6027.04 6.43750 -2.87500 0.187500
6042.57 7.56250 -3.43750 0.187500
6071.84 7.62500 -3.81250 -0.125000
6086.95 8.00000 -4.12500 -0.562500
6117.02 9.50000 -4.68750 -0.625000
6144.87 10.6875 -5.68750 -1.18750
6184.49 12.5625 -6.25000 -1.31250
6199.52 14.8125 -7.06250 -1.25000
6221.51 17.3125 -7.68750 -1.18750
6237.02 20.1250 -8.18750 -0.750000
6260.42 22.6250 -8.81250 -0.375000
6297.08 25.8125 -9.50000 0.250000
6327.24 27.5625 -10.1875 0.875000
6342.13 29.2500 -10.5000 1.43750
6371.97 31.5625 -10.6250 1.93750
6402.05 33.6875 -10.4375 2.37500
6439.50 35.0625 -10.1250 2.87500
6462.53 34.9375 -9.56250 3.31250
6469.41 34.2500 -8.93750 4.00000
6492.50 32.5000 -8.50000 4.56250
6515.80 30.2500 -7.25000 5.87500
6536.84 31.0625 -6.37500 6.31250
6551.83 30.8125 -5.81250 6.87500
6579.94 29.1250 -5.06250 6.68750
6604.41 27.9375 -4.56250 6.56250
6619.42 25.8750 -3.87500 6.43750
6642.06 22.2500 -3.25000 6.31250
6657.43 20.3750 -3.00000 5.81250
6680.14 23.1250 -3.75000 5.50000
6739.09 22.6250 -5.25000 3.56250
6799.47 21.1875 -5.62500 1.93750
6836.80 20.6250 -5.75000 0.937500
6866.95 20.3125 -6.43750 0.125000
6904.40 18.6250 -7.18750 -1.68750
6927.54 20.2500 -7.62500 -2.50000
6969.34 21.4375 -8.00000 -4.00000
7011.02 18.5000 -6.62500 -4.31250
7023.92 17.0000 -5.62500 -4.18750
7068.94 15.6250 -4.81250 -3.68750
7099.45 14.3750 -3.93750 -2.93750
7151.56 13.1875 -3.31250 -1.93750
7234.49 10.4375 -2.81250 0.875000
7247.32 10.1250 -2.93750 0.437500
7264.59 10.6875 -3.31250 0.250000
7286.82 10.6250 -3.43750 0.500000
7302.52 8.93750 -3.31250 0.625000
7369.95 8.62500 -3.31250 0.250000
7422.00 11.8125 -4.12500 0.125000
7444.34 12.9375 -4.50000 0.312500
7503.71 6.62500 -0.562500 3.31250
7518.72 6.25000 -0.125000 3.37500
7549.05 2.68750 0.375000 3.43750
7564.63 2.31250 0.500000 3.00000
7595.65 3.43750 0.500000 2.87500
7646.76 4.43750 0.437500 2.43750
7730.18 2.37500 0.125000 -0.500000
7774.96 1.87500 -0.625000 -1.56250
7812.88 1.12500 -1.06250 -1.81250
7834.47 0.500000 -1.31250 -1.81250
7864.34 -0.562500 -1.56250 -1.81250
7893.96 -0.750000 -1.62500 -1.75000
7931.78 -0.687500 -1.56250 -1.81250
7978.01 -1.87500 -1.56250 -1.87500
8006.65 -2.87500 -1.81250 -1.43750
8028.30 -4.68750 -1.31250 -2.00000
8045.23 -3.18750 -1.62500 -2.56250
8059.86 -0.812500 -2.37500 -2.50000
8074.59 -1.37500 -2.50000 -2.75000
8089.60 -2.81250 -2.06250 -2.62500
8097.02 -3.31250 -1.68750 -2.31250
8119.10 -2.75000 -1.56250 -1.75000
8149.38 -2.75000 -1.37500 -1.18750
8179.53 -3.62500 -0.625000 -0.812500
8201.61 -3.50000 -0.187500 -0.687500
8239.01 -3.31250 -0.0625000 -0.312500
8246.48 -4.56250 0.0625000 -0.125000
8262.55 -5.75000 0.375000 -0.312500
8284.72 -4.75000 0.375000 -0.312500
8306.56 -3.68750 0.187500 -0.375000
37248.8 9.50000 -0.375000 -5.12500
37255.8 7.25000 -0.0625000 -5.87500
37300.6 1.37500 -0.750000 -4.50000
37324.5 2.75000 0.625000 -2.31250
37338.8 3.87500 1.18750 -0.437500
37361.3 0.0625000 -1.31250 1.00000
37383.9 -0.437500 -4.31250 1.75000
37405.8 -0.812500 -7.06250 2.87500
37428.9 1.00000 -7.93750 4.43750
37444.3 1.68750 -7.43750 4.87500
37458.8 0.500000 -5.93750 4.12500
37481.8 -0.875000 -3.62500 2.87500
37511.6 -0.687500 -2.18750 2.12500
37525.2 -2.43750 -2.62500 2.75000
37548.8 -0.812500 -2.18750 2.43750
37563.7 7.81250 -1.12500 1.93750
37576.8 14.1875 -0.625000 1.62500
37608.9 16.2500 -1.50000 -0.687500
37638.2 13.6250 -1.06250 -2.43750
37683.3 3.93750 1.00000 -8.81250
37706.9 3.81250 3.81250 -12.2500
37728.7 7.37500 12.1250 -18.7500
37759.4 3.68750 17.0625 -18.5625
37812.4 -2.12500 16.6875 -20.4375
37848.7 -9.31250 17.1250 -20.1875
37886.0 -7.68750 16.3750 -19.5625
37916.2 -10.4375 16.0000 -14.0625
37931.1 -10.2500 15.0625 -10.0625
37946.2 -9.68750 13.8125 -6.75000
37983.4 -6.56250 11.3750 -2.87500
37998.3 -6.12500 11.0000 0.437500
38044.4 -7.93750 11.4375 9.25000
38089.8 -10.8750 11.2500 9.18750
38148.5 -9.37500 -6.06250 13.5000
38163.9 -5.62500 -14.6875 12.3125
38208.9 -7.37500 -18.7500 10.9375
38246.2 -7.62500 -16.6875 10.3750
38298.1 -9.12500 -7.62500 4.50000
38351.2 -0.0625000 1.87500 1.00000
38411.3 -18.4375 -1.31250 1.31250
38462.7 -25.8125 2.18750 0.937500
38495.5 -24.2500 2.25000 2.43750
38501.1 -20.4375 4.37500 0.437500
38546.0 -8.37500 9.81250 2.56250
38583.4 -11.3750 9.87500 3.50000
38596.0 -24.1875 6.81250 0.250000
38606.3 -33.6875 7.68750 0.187500
38628.1 -35.4375 10.6250 -0.437500
38635.6 -38.3750 13.7500 -2.37500
38657.5 -37.6875 13.4375 -1.56250
38681.1 -43.9375 9.18750 -2.93750
38694.3 -48.2500 8.93750 -9.12500
38726.7 -51.0000 11.0000 -9.50000
38748.2 -57.3750 8.81250 -6.68750
38763.2 -58.6875 3.31250 0.625000
38778.9 -55.5000 0.00000 8.31250
38793.7 -35.8750 -1.87500 18.3125
38816.1 -25.1875 -7.56250 21.5000
38846.1 -29.6250 -13.3750 20.5000
38861.3 -30.2500 -13.1875 22.5625
38890.6 -38.5000 -7.75000 25.8125
38921.2 -35.1875 -1.75000 29.5000
38958.5 -34.0000 -1.56250 32.3125
39003.6 -17.6250 10.0625 29.0000
39018.2 -13.8750 11.3125 37.0625
39033.0 -39.6875 8.62500 33.3125
39054.0 -62.4375 18.1250 27.0625
39078.2 -43.2500 20.0625 34.8750
39100.6 -41.0000 13.5625 33.0000
39115.6 -40.6250 13.1250 26.5000
39146.1 -54.6875 13.8125 26.5000
39167.9 -56.3125 12.8750 27.3750
39190.4 -40.6250 9.18750 27.0000
39228.0 -26.1875 8.00000 32.9375
39280.9 -45.1875 10.5000 35.6250
39303.0 -65.7500 17.7500 31.6875
39317.8 -36.0625 21.4375 44.0625
39370.9 -59.8750 25.3750 47.3750
39378.9 -58.3125 11.1875 46.3125
39400.6 -72.8125 -3.68750 37.0000
39414.0 -87.1875 -4.62500 23.0000
39446.6 -65.2500 -6.06250 20.8750
39476.1 -67.0625 -15.6250 24.1250
39491.7 -99.4375 -26.7500 12.5000
39507.8 -87.0000 -25.0000 8.81250
39542.1 -47.1875 -33.2500 9.06250
39559.1 -33.0625 -45.2500 6.00000
39603.9 -38.3125 -50.5000 -3.12500
39642.3 -75.3750 -77.1250 -29.3125
39678.7 -66.6875 -79.5625 -39.6875
39715.8 -61.0625 -87.4375 -41.6250
39762.6 -47.3750 -146.250 -32.8750
39806.0 -67.6250 -183.312 -2.00000
39858.9 -18.9375 -183.750 -13.1875
39887.2 -11.3125 -184.000 -12.5000
39955.4 47.7500 -202.938 -17.2500
40008.4 70.0000 -225.250 -22.2500
40083.3 145.875 -234.500 -20.6250
40121.1 152.062 -249.250 -26.5625
40196.0 132.875 -196.625 0.00000
40278.7 89.3125 -135.562 -7.75000
40301.1 58.6875 -96.0625 -16.8125
40376.7 81.6875 120.250 -59.4375
40421.1 25.8750 137.938 -92.1875
40466.2 73.5625 190.312 -140.000
40479.4 81.3125 226.438 -162.312
40548.1 -27.8125 259.125 -160.625
40563.3 -84.1250 266.125 -159.688
40624.8 -141.562 313.562 -166.312
40668.2 -268.500 318.125 -152.062
40683.4 -301.312 310.938 -144.875
40692.0 -329.812 299.688 -141.562
40735.8 -361.312 289.812 -129.938
40787.3 -391.062 269.688 -88.0625
40833.0 -217.000 174.625 -60.6250
40857.0 -219.000 149.875 -60.6875
40871.0 -177.062 132.062 -62.8750
40900.4 -144.812 101.625 -58.8125
40923.6 -135.688 66.6250 -57.9375
40938.1 -126.312 46.8750 -74.9375
40962.3 -85.1250 42.4375 -82.4375
40983.4 -40.1875 25.9375 -85.3125
40996.4 -44.6875 -15.1250 -106.188
41021.0 -83.4375 -27.2500 -127.562
41037.3 -99.8125 -8.43750 -130.312
41050.8 -98.9375 -8.25000 -125.750
41074.1 -50.6875 5.56250 -112.000
41096.0 -22.1875 8.43750 -102.500
41119.0 -31.0625 5.18750 -97.3750
41141.7 -59.2500 -2.81250 -83.0000
41179.2 -84.4375 -3.12500 -61.5000
41194.3 -88.6250 -0.250000 -49.0625
41208.5 -85.5625 9.06250 -43.6250
41238.1 -68.2500 8.50000 -33.4375
41268.4 -70.6250 -3.87500 -29.1875
41290.9 -70.8750 -12.6875 -30.5000
41304.0 -50.9375 -12.5625 -35.6875
41327.3 -31.9375 -17.4375 -35.0000
41344.0 -22.4375 -18.3125 -38.1875
41359.2 -22.6875 -16.7500 -33.1875
41396.3 -44.3750 -36.5625 -16.0625
41411.8 -18.5625 -30.6875 -17.7500
41433.7 17.3750 -37.5625 -17.2500
41454.1 42.7500 -49.3750 -18.9375
41469.1 55.8750 -48.4375 -19.0000
41501.4 55.6250 -46.9375 -14.8750
41530.5 42.1875 -50.3125 -18.0625
41552.9 51.7500 -45.8125 -26.4375
41568.5 63.0000 -36.1875 -25.5625
41582.3 63.1875 -32.1875 -19.1250
41596.4 36.6250 -34.9375 -13.6250
41627.1 21.1250 -32.6875 -14.1875
41650.9 16.6875 -21.3750 -8.87500
41665.8 -5.25000 -18.8125 -6.00000
41696.7 31.8125 -2.12500 -13.5000
41718.6 98.8125 -11.0625 -6.43750
41727.1 134.625 -26.0000 -26.1250
41755.7 167.562 -36.0625 -44.9375
41808.3 245.438 -27.6250 -39.9375
41824.4 268.750 -34.6250 -28.1875
41845.9 230.875 -45.8750 -37.3750
41868.3 180.688 -38.3750 -31.0000
41913.0 245.188 -32.8750 -21.0000
41935.3 215.938 -15.6875 -17.2500
41950.4 179.688 7.75000 -5.68750
41996.1 208.938 10.4375 5.12500
42018.5 262.875 -10.0000 -2.37500
42033.7 261.250 -13.5000 -6.43750
42070.8 159.188 3.43750 16.6250
42094.6 166.750 -0.562500 13.1875
42123.7 176.250 -16.8125 18.3750
42138.1 139.938 -13.9375 26.5625
42158.6 115.500 -19.3750 41.6875
42191.0 99.0000 -23.2500 51.4375
42212.1 98.2500 -26.3750 56.0625
42258.9 51.8750 -45.4375 78.1875
42296.0 2.87500 -55.1875 94.0625
42311.5 -24.6250 -54.5000 101.562
42326.3 -33.6875 -50.4375 104.750
42348.7 -71.5000 -63.9375 119.938
42355.8 -54.5625 -61.5625 120.312
42378.7 -53.1250 -60.1250 112.125
42402.1 -52.4375 -57.8125 113.375
42416.2 -13.5000 -60.1250 117.812
42467.7 -96.2500 -75.2500 120.625
42506.1 -22.3750 -66.7500 133.875
42543.9 -43.1250 -54.6250 117.188
42558.6 -107.562 -54.1250 110.000
42573.1 -41.6875 -62.3125 106.625
42595.7 -31.7500 -64.1250 111.125
42611.8 -56.6875 -61.8750 103.938
42628.7 -62.8750 -69.6875 98.5625
42642.3 -39.6250 -73.9375 98.7500
42678.6 -19.0625 -73.6250 99.3125
42717.2 -38.6250 -70.3125 97.0625
42782.0 11.5625 -79.3750 105.312
42804.6 13.6250 -82.9375 97.8750
42866.3 14.6250 -82.8750 104.125
42903.7 33.7500 -77.3750 100.562
42971.0 30.5000 -77.3750 107.188
42986.0 29.0625 -79.1875 109.438
43000.7 8.87500 -75.8750 100.625
43015.6 12.9375 -78.7500 101.625
43046.2 30.4375 -81.2500 102.750
43060.6 31.6250 -79.5000 100.312
43112.7 14.8750 -74.9375 99.7500
43121.1 29.6875 -74.1250 97.0000
43144.1 37.1250 -73.3125 92.0000
43163.6 24.5625 -69.1250 89.9375
43181.0 19.3750 -64.1250 86.5000
43203.5 32.3750 -62.1250 83.1875
43226.5 40.9375 -65.5000 75.0625
43241.6 43.1875 -65.3125 77.1250
43256.1 42.2500 -59.0625 75.1250
43271.1 50.4375 -56.6875 75.8750
43286.1 58.6875 -58.0000 74.0625
43309.1 43.6250 -54.3750 76.0625
43338.2 56.3125 -50.1875 74.9375
43361.6 76.6875 -50.1875 70.9375
43392.2 68.6875 -50.8125 68.7500
43413.6 57.1875 -56.1875 69.1875
43435.7 48.8125 -57.7500 71.0000
43442.6 37.3125 -49.3750 69.7500
43458.9 51.3125 -43.7500 68.5000
43473.6 57.9375 -47.4375 70.0625
43503.2 66.1875 -52.5625 69.5000
43541.0 77.9375 -52.0625 72.8125
43563.5 84.4375 -48.9375 76.6875
43608.6 79.5000 -45.1250 77.8125
43622.8 84.1250 -39.2500 76.3750
43668.7 81.5000 -46.1250 68.7500
43683.5 69.1875 -39.7500 66.4375
43698.1 54.8125 -32.9375 65.1250
43728.7 59.8750 -34.3750 63.3125
43751.2 45.3750 -34.6875 61.2500
43773.4 45.9375 -34.9375 58.9375
43795.8 57.8125 -31.0000 54.4375
43826.2 35.8125 -28.5000 48.1250
43856.1 47.6875 -19.3750 44.6875
43871.0 46.8125 -14.5000 44.0000
43893.3 18.1250 -12.7500 42.1250
43908.0 14.3125 -16.3750 38.7500
43930.9 23.6250 -17.8750 33.1250
43953.1 3.12500 -17.2500 26.5000
43968.1 -32.5000 -12.0625 25.6875
43998.3 -27.5625 -15.3125 27.3750
44035.6 -19.0000 -9.00000 28.1875
44050.5 -27.9375 -0.125000 33.3125
44064.5 -42.7500 1.00000 31.8125
44086.3 -6.25000 -6.12500 27.7500
44126.9 9.43750 -12.1875 28.9375
44148.6 -6.68750 -21.3750 24.6250
44155.8 -35.3750 -20.8125 18.6250
44201.0 -39.1875 -21.6250 30.2500
44215.7 -38.6250 -25.9375 32.2500
44238.1 -31.8125 -24.6875 29.5625
44261.9 -41.0625 -26.5625 31.5625
44276.1 -50.5000 -23.2500 33.5000
44306.0 -35.8125 -17.2500 33.3750
44327.9 -44.0625 -17.8750 37.3125
44366.2 -60.7500 -18.3125 49.3125
44388.4 -52.5000 -12.3750 48.1875
44426.5 -24.4375 -6.56250 41.8125
44440.9 -28.9375 -5.18750 38.7500
44485.9 -7.81250 -1.12500 45.9375
44509.1 7.87500 -12.3125 54.0000
44530.9 91.0625 -16.9375 49.8750
44561.1 90.2500 -13.0625 51.5625
44628.3 29.4375 30.6875 103.312
44658.3 -2.12500 24.6250 133.750
44678.8 8.31250 18.3750 130.188
44703.4 23.7500 36.3125 122.875
44726.4 15.0000 56.5625 117.625
44733.0 -34.3750 65.5000 109.250
44748.9 -85.0625 80.4375 97.6250
44780.5 -115.250 89.6250 70.4375
44800.2 -103.875 104.500 51.5000
44816.0 -56.5000 99.9375 60.1250
44831.2 -53.3125 73.8750 62.9375
44905.3 -49.0625 40.1250 45.3125
44919.3 -42.3750 33.0625 33.0000
44951.1 -48.0000 29.1250 5.81250
44980.3 -44.9375 24.8750 -4.62500
45017.7 -54.3750 15.6875 -25.1250
45032.9 -63.2500 16.7500 -24.7500
45085.8 -84.5000 11.0625 -27.0625
45117.1 -84.3750 16.9375 -41.0000
45123.6 -76.3125 21.9375 -48.6875
45176.0 -74.1250 7.75000 -66.8125
45198.4 -80.5000 8.37500 -71.2500
45221.0 -80.3125 6.43750 -62.7500
45242.5 -50.8750 -1.12500 -56.4375
45265.8 -22.1875 -43.0625 -21.4375
45288.5 -1.43750 -52.2500 -12.5000
45318.5 0.500000 -61.8125 -6.62500
45348.9 8.75000 -76.6875 -2.00000
45378.6 35.1250 -90.2500 8.00000
45393.2 59.2500 -99.8125 17.0625
45415.5 100.000 -100.438 16.0000
45431.5 115.562 -97.2500 19.1875
45447.0 116.000 -90.8750 21.1250
45498.6 114.938 -78.6875 18.3750
45520.2 118.625 -73.5625 14.5000
45566.4 78.1250 -44.8750 3.50000
45588.6 68.3125 -35.0000 -9.43750
45618.5 62.0000 -24.6250 -15.3125
45679.1 43.3125 -15.5000 -22.2500
45715.2 32.6250 -3.81250 -30.6250
45761.6 5.56250 18.1875 -39.5625
45826.6 -19.1250 38.6250 -45.2500
45857.6 -13.0000 35.2500 -46.0000
45886.5 -13.0625 29.8125 -44.6250
45902.7 -4.68750 31.4375 -51.0625
45917.8 -1.00000 33.3125 -54.0625
45933.5 -13.5625 35.9375 -51.0625
45948.5 -11.3750 36.5625 -52.2500
45970.8 -11.5625 34.3125 -58.6875
45993.2 -4.37500 34.6875 -59.8125
46013.5 -0.187500 30.4375 -61.9375
46053.2 -7.25000 24.8750 -67.6250
46098.8 16.6250 15.1875 -59.6250
46113.6 18.5625 16.6250 -51.6250
46158.1 27.7500 25.1875 -54.0625
46186.8 17.9375 19.6875 -40.1875
46211.5 15.8750 27.8750 -42.5000
46227.3 16.5625 33.3750 -36.7500
46248.4 10.0000 38.3125 -28.8750
46264.0 3.87500 43.0000 -20.5625
46285.8 5.31250 56.3750 -21.9375
46308.0 -2.50000 61.5000 -26.2500
46322.9 -0.437500 63.0625 -17.0000
46345.8 1.37500 64.3750 -7.50000
46375.0 1.25000 71.8750 -6.43750
46390.4 5.25000 79.3125 -5.87500
46413.0 -7.06250 84.1250 -5.18750
46435.7 -9.37500 89.6250 -10.2500
46451.8 -8.87500 93.4375 -7.81250
46472.7 -17.1875 92.9375 1.06250
46488.6 -12.7500 91.7500 -5.18750
46518.6 -7.81250 95.6250 -8.37500
46540.2 -8.06250 96.4375 -8.62500
46570.9 -14.7500 94.8125 -11.0625
46585.6 -15.0625 91.0625 -9.62500
46608.5 -12.0000 88.0625 -5.37500
46623.2 -15.6875 83.5625 -1.50000
46646.7 -21.2500 79.3125 -2.68750
46683.4 -16.2500 68.6250 -5.50000
46697.7 -16.1875 61.6250 -2.81250
46735.8 -23.4375 46.6250 -12.8750
46758.0 -26.0000 37.6250 -18.0625
46786.5 -33.3750 32.1250 -20.9375
46803.3 -33.3750 29.8750 -25.5625
46818.3 -34.3750 28.1250 -31.3125
46840.5 -39.0000 27.6875 -32.0000
46863.4 -44.5625 23.3125 -27.3750
46878.5 -46.6875 17.5625 -29.5625
46894.1 -49.7500 14.3750 -39.0000
46916.1 -46.6875 13.1875 -43.1250
46931.0 -45.7500 13.3750 -41.1875
46966.3 -52.5625 13.2500 -47.6250
46991.0 -52.6250 10.9375 -48.1875
47013.6 -56.2500 11.8750 -41.9375
47050.6 -51.1875 16.4375 -50.5625
47064.7 -38.2500 20.6250 -57.3125
47101.9 -31.0625 15.3750 -45.5000
47117.8 -24.6875 16.1875 -44.3750
47161.8 -13.0625 25.2500 -40.6250
47178.4 -7.06250 24.8750 -34.0000
47200.8 -0.187500 31.3750 -21.6250
47215.8 -4.31250 43.3750 -3.68750
47231.1 -6.12500 50.4375 11.0625
47261.5 -3.12500 53.9375 26.9375
47283.5 -0.625000 60.3125 44.7500
47298.3 1.87500 69.8750 63.4375
47313.3 3.37500 73.9375 84.9375
47344.0 12.0000 74.8750 100.938
47373.1 34.5000 77.6875 116.062
47395.7 47.1875 80.1875 132.188
47440.5 55.6250 84.5625 162.750
47479.2 58.1875 81.1250 165.562
47500.7 52.8750 75.4375 161.938
47531.4 28.1875 57.2500 158.375
47552.6 20.5000 43.9375 150.188
47590.1 15.7500 28.4375 130.625
47613.6 20.8750 18.1875 118.562
47636.1 27.1875 13.0000 112.250
47718.1 20.5625 -3.43750 79.3750
47763.1 1.75000 -13.3125 67.0000
47779.1 0.187500 -15.7500 64.1875
47816.1 -10.3750 -17.5625 43.9375
47846.1 12.9375 -26.6250 31.1875
47875.9 24.3750 -24.6250 32.3750
47890.9 22.6875 -26.2500 30.8750
47928.3 3.37500 -23.0625 22.3125
47943.9 1.81250 -19.1875 22.7500
47972.6 11.8125 -16.0625 18.6250
48003.4 16.8750 -16.1250 14.8750
48018.4 9.18750 -15.0000 15.6875
48033.6 7.75000 -8.12500 16.6875
48055.9 8.25000 -0.687500 19.0625
48078.9 3.68750 6.87500 16.7500
48116.1 1.62500 10.6250 13.8125
48132.1 5.75000 14.9375 9.00000
48176.1 -12.3125 8.06250 10.5625
48190.9 -7.62500 10.3750 4.81250
48220.8 2.56250 16.0000 2.87500
48265.4 11.0000 9.25000 9.50000
48281.4 15.8750 6.37500 5.06250
48340.6 22.3750 6.93750 6.87500
48356.1 10.3750 7.18750 6.62500
48378.6 9.87500 10.5000 5.62500
48384.6 11.1250 11.6875 7.87500
48423.0 12.5625 19.3125 12.6875
48431.1 13.8750 23.5625 16.6250
48453.0 8.06250 24.3125 16.7500
48498.7 -2.00000 24.4375 16.6875
48530.1 -1.06250 24.1250 20.0000
48550.8 0.625000 19.4375 24.8750
48572.6 -4.25000 16.8750 24.0000
48634.2 14.5625 -4.06250 39.5625
48663.3 14.3750 -3.00000 37.1875
48685.3 13.4375 4.43750 45.5000
48722.9 16.6250 10.3750 42.8750
48759.6 22.6250 12.1250 39.8125
48805.9 16.3125 17.8750 36.1875
48873.2 13.9375 30.9375 33.8125
48918.4 -4.75000 39.9375 42.1250
48940.9 -17.0625 43.7500 35.5000
48970.3 -39.8750 51.1875 33.1250
48993.6 -46.0000 48.6875 30.6250
49046.8 -59.9375 32.8750 46.0000
49083.3 -57.8750 21.3750 44.8125
49128.6 22.7500 11.7500 67.6875
49181.6 27.6250 1.50000 56.5000
49211.8 9.18750 2.12500 50.3125
49285.9 -9.00000 15.1875 -5.12500
49308.2 -38.6875 8.43750 -18.1250
49330.7 -32.8750 16.6250 -13.7500
49352.4 -18.4375 22.2500 -10.1250
49380.8 -0.937500 20.0625 -15.5000
49399.0 0.750000 11.4375 -27.0625
49413.5 -17.1250 0.687500 -42.5000
49443.3 -11.0000 0.875000 -54.6250
49466.3 -14.6250 -5.62500 -55.8750
49488.5 -12.6875 -10.6250 -61.1250
49511.0 -2.56250 -11.6250 -61.5625
49525.4 1.62500 -15.8750 -66.0625
49555.5 7.12500 -22.1250 -74.8125
49579.0 12.7500 -24.4375 -78.2500
49593.5 18.6250 -25.5000 -74.3750
49607.3 21.0625 -30.7500 -71.6875
49622.5 21.0625 -40.8750 -81.3750
49645.5 23.8750 -42.4375 -90.7500
49668.3 22.9375 -39.3750 -91.7500
49698.6 21.1250 -38.3125 -90.2500
49712.4 16.4375 -36.3125 -91.3750
49727.0 17.7500 -35.4375 -90.2500
49743.3 18.9375 -32.9375 -85.0625
49757.9 22.1250 -30.9375 -91.3125
49780.4 27.3125 -25.5000 -94.8750
49810.7 30.1250 -18.6875 -89.2500
49825.8 33.6250 -21.4375 -77.6875
49847.9 28.4375 -25.1250 -80.0625
49886.0 18.6250 -24.6875 -77.3750
49908.3 14.6250 -28.4375 -74.3750
49939.0 17.0625 -20.1875 -78.0000
49960.9 15.1875 -22.1250 -79.7500
49983.5 17.1250 -20.3750 -79.2500
50005.6 18.9375 -18.6875 -72.7500
50043.7 15.3125 -20.5000 -69.6875
50081.3 5.25000 -24.9375 -70.0625
50118.1 15.9375 -26.0000 -68.7500
50133.4 17.5625 -28.4375 -64.6250
50155.6 10.3750 -31.0000 -70.3125
50193.3 9.25000 -29.7500 -71.7500
50208.2 16.5000 -34.9375 -64.4375
50246.7 -7.43750 -59.3750 -57.6875
50260.3 -4.50000 -53.6250 -65.1250
50299.7 9.81250 -55.6250 -70.8125
50320.8 18.8750 -61.9375 -70.3125
50358.3 -0.812500 -65.8125 -76.0000
50373.3 -19.0000 -62.1250 -79.5000
50388.8 -39.1250 -64.9375 -80.2500
50403.5 -47.0625 -73.4375 -77.8750
50416.9 -54.7500 -75.8125 -81.6250
50440.5 -46.0000 -72.8750 -77.4375
50464.0 -50.8750 -83.7500 -77.3125
50478.1 -69.4375 -93.9375 -87.5625
50508.3 -69.3750 -94.6875 -96.1875
50538.4 -58.3750 -94.8125 -92.6250
50568.5 -69.2500 -100.375 -88.1875
50583.4 -63.6875 -106.625 -89.0625
50598.1 -52.4375 -114.812 -88.0625
50613.7 -43.8125 -112.562 -65.0000
50627.9 -43.5000 -109.250 -44.3125
50643.5 -60.6250 -107.500 -41.8125
50681.0 -60.9375 -104.312 -37.1875
50710.8 -33.5625 -100.125 -30.6875
50755.8 -35.8750 -104.688 -29.3125
50786.0 2.81250 -105.938 -10.3125
50801.6 14.8750 -103.688 -15.6875
50823.1 32.0625 -108.438 -1.75000
50846.1 48.5000 -113.375 9.93750
50860.9 67.9375 -119.312 7.50000
50890.2 88.8125 -121.938 4.87500
50912.7 102.562 -125.188 10.1875
50928.4 111.125 -130.625 15.4375
50951.3 127.750 -132.500 13.3125
50982.1 141.750 -134.688 19.8125
50996.1 136.625 -136.000 20.1250
51040.2 158.562 -130.812 9.56250
51070.1 159.250 -138.875 5.06250
51092.8 159.812 -146.688 4.00000
51107.8 160.812 -149.312 2.68750
51131.4 174.938 -148.625 -14.0625
51146.0 192.312 -139.875 -17.2500
51175.8 185.188 -128.625 -17.3750
51205.8 163.688 -116.188 -35.2500
51242.6 170.062 -84.3750 -45.3750
51255.5 161.750 -74.2500 -45.2500
51295.2 111.250 -28.5000 -105.312
51318.9 118.562 1.68750 -129.812
51363.0 134.625 51.3750 -154.938
51378.5 156.438 86.1875 -190.000
51422.7 203.000 102.500 -221.625
51436.7 207.562 102.125 -224.500
51475.4 213.188 111.188 -244.250
51499.1 200.000 108.125 -232.875
51542.8 203.312 115.375 -230.625
51565.7 220.438 117.438 -233.875
51595.2 208.250 147.062 -234.812
51618.4 193.125 140.875 -230.438
51640.6 169.562 144.000 -246.938
51670.9 137.250 148.250 -262.438
51693.4 117.250 134.062 -261.062
51731.8 53.5000 87.7500 -261.688
51738.4 15.3125 92.1250 -265.188
51760.7 -6.62500 102.500 -258.812
51798.8 16.0625 105.375 -228.938
51843.3 -25.6250 95.1875 -199.562
51866.2 -16.7500 85.4375 -195.375
51902.8 -2.75000 73.8750 -190.312
51916.3 -7.43750 73.7500 -185.688
51955.4 -32.8750 92.1875 -171.625
51978.4 -48.6875 88.8125 -170.938
52022.1 -45.9375 85.0625 -148.875
52037.8 -38.8750 97.9375 -132.062
52068.2 -64.6250 89.4375 -122.750
52083.6 -75.4375 80.8125 -117.375
52105.9 -73.3125 77.5000 -95.8750
52128.5 -63.8125 71.5000 -78.8125
52141.1 -42.0000 66.5000 -68.6250
52164.6 -38.0625 51.0625 -61.1875
52196.3 -41.8750 48.2500 -52.0000
52210.9 -32.3750 56.3125 -38.6250
52233.6 -39.5625 55.1250 -28.9375
52249.3 -57.1875 54.3125 -32.1250
52263.4 -42.6875 53.1875 -31.0000
52286.1 -30.4375 43.1875 -25.7500
52308.0 -34.7500 27.6250 -26.1875
52322.7 -49.3125 26.0625 -27.2500
52346.8 -38.8750 32.4375 -21.3125
52375.8 -25.6250 32.9375 -21.6250
52390.4 -33.2500 33.0625 -21.1875
52405.3 -41.1250 32.3125 -20.1250
52421.0 -53.9375 30.8750 -19.4375
52435.9 -42.9375 27.0000 -12.5625
52458.4 -39.3750 26.5625 -12.5625
52487.0 -44.3125 22.8750 -12.2500
52510.2 -41.0000 15.5625 -9.37500
52533.7 -5.81250 9.93750 -7.68750
52548.1 13.3125 5.18750 -5.93750
52555.4 3.25000 -1.75000 -6.00000
52592.7 4.93750 -2.75000 -3.56250
52623.3 24.3125 -4.56250 -5.62500
52638.0 24.1250 -7.06250 -6.81250
52675.4 34.0000 -22.0000 -14.6875
52705.9 23.5000 -24.3125 -7.12500
52727.8 32.1875 -23.2500 3.43750
52750.3 54.7500 -23.3750 6.56250
52772.6 58.6250 -21.6250 7.75000
52802.8 46.1875 -23.1875 14.1250
52815.5 41.3125 -11.3750 21.3125
52864.2 16.0000 6.87500 24.2500
52878.5 7.62500 13.8125 24.1250
52901.1 10.2500 11.1875 24.1250
52923.1 -8.56250 2.43750 24.6875
52945.1 -2.25000 -10.0625 35.2500
52975.9 33.2500 -32.9375 60.0000
52997.8 54.3750 -39.8125 75.3750
53036.8 83.3125 -55.6875 107.125
53066.3 92.3750 -79.1875 115.500
53140.8 83.4375 -122.562 188.500
53164.3 8.68750 -172.375 185.562
53245.7 -38.9375 -229.125 148.125
53298.9 -105.812 -166.188 108.250
53305.8 -123.375 -120.375 94.3750
53372.7 -155.000 -49.0000 49.8125
53415.9 -171.625 -20.1250 20.9375
53516.2 -254.000 47.7500 -105.188
53591.0 -213.938 -1.25000 -165.312
53621.0 -218.000 -7.25000 -164.000
53673.3 -178.938 -18.3750 -180.000
53734.0 -158.562 -50.0000 -180.000
53739.3 -151.375 -56.5625 -185.125
53798.9 -82.3125 -87.5625 -149.688
53882.1 -22.6250 -120.688 -176.625
53950.8 20.2500 -146.812 -168.000
53980.3 58.3750 -165.750 -138.000
53987.6 80.0625 -164.000 -134.625
54010.8 60.9375 -149.562 -116.750
54031.4 68.3750 -150.438 -113.500
54048.7 96.9375 -145.438 -99.6250
54063.2 120.188 -139.125 -76.6250
54077.8 107.062 -144.438 -58.7500
54092.8 86.4375 -138.812 -56.4375
54130.8 73.0625 -134.625 -61.0625
54150.8 70.2500 -131.875 -63.6875
54198.5 117.938 -121.625 -72.0625
54220.9 120.312 -115.562 -67.6875
54243.3 111.312 -103.562 -60.5625
54265.6 82.7500 -94.8125 -51.8125
54295.3 73.7500 -95.3125 -45.3750
54311.1 80.5000 -92.8750 -43.2500
54325.8 81.5000 -84.1875 -36.8750
54348.9 73.8125 -68.5625 -29.6250
54370.9 83.8125 -65.1875 -28.6250
54408.3 97.7500 -68.0000 -26.5625
54423.3 104.000 -69.5625 -29.8125
54453.1 79.0625 -69.7500 -26.9375
54484.3 60.3750 -61.0625 -15.5625
54520.8 58.5000 -53.9375 -16.4375
54535.5 49.3125 -50.4375 -15.1250
54551.0 34.4375 -48.7500 -5.75000
54565.4 30.0000 -37.8125 0.750000
54595.7 113.000 -18.4375 10.3750
54625.7 145.562 -13.6250 11.9375
54685.9 108.000 -13.0625 21.1250
54715.1 82.7500 -18.8125 37.0000
54731.4 64.5625 -17.4375 37.5000
54753.3 40.0000 -17.6875 37.0625
54776.1 12.3750 -22.7500 29.1250
54799.6 15.1250 -32.2500 22.2500
54820.5 29.4375 -35.1875 17.6250
54858.0 51.3125 -23.3125 -5.75000
54881.2 30.5625 -35.9375 -12.8750
54911.0 196.812 -53.7500 -4.68750
54933.4 280.500 -50.7500 11.8750
54970.6 374.875 -52.3125 41.2500
54985.1 526.062 -76.7500 56.9375
55016.8 730.688 -111.875 100.750
55030.8 627.438 -104.625 127.250
55051.4 408.312 -101.000 135.688
55075.3 199.750 -91.1250 125.438
55090.8 84.8125 -79.0000 115.500
55120.8 46.8125 -76.3750 104.438
55142.5 44.1875 -66.0625 75.2500
55157.5 55.1875 -45.8750 42.6875
55171.4 45.0000 -24.8125 4.50000
55195.6 25.2500 -5.00000 -40.0000
55210.3 30.0000 19.1250 -66.0000
55240.9 39.5625 43.8125 -82.8125
55263.3 37.0000 63.8750 -99.8750
55278.0 25.6250 89.0000 -116.188
55293.0 31.5625 117.000 -117.250
55316.3 44.0625 141.500 -115.812
55330.4 50.0625 162.875 -124.125
55353.8 69.7500 182.000 -138.438
55375.8 100.000 186.375 -141.000
55390.7 107.875 182.438 -143.688
55414.0 87.8125 176.750 -152.125
55435.5 55.0000 180.625 -158.375
55458.1 30.6875 183.688 -154.000
55480.4 22.8125 173.625 -147.188
55502.7 16.8750 175.938 -140.562
55533.5 1.87500 165.688 -120.375
55563.3 -13.9375 164.500 -124.688
55586.2 -38.1250 176.000 -128.125
55600.4 -70.1250 186.188 -119.312
55615.7 -92.3125 191.125 -108.062
55645.1 -94.3750 195.312 -94.6250
55660.0 -86.0000 202.250 -83.2500
55699.1 -93.9375 192.562 -74.1875
55712.9 -103.438 181.000 -71.5625
55736.5 -120.250 172.562 -68.0000
55758.2 -138.375 161.938 -63.6250
55771.8 -157.125 148.500 -59.5625
55795.0 -158.000 138.750 -55.7500
55818.6 -154.875 127.875 -51.0000
55834.3 -155.688 116.625 -46.4375
55855.2 -156.125 104.312 -45.8125
55878.2 -144.062 93.6875 -43.3750
55893.0 -142.438 80.1250 -39.8750
55915.5 -149.938 68.2500 -39.8750
55945.7 -150.062 62.1250 -42.0000
55960.7 -131.625 55.6250 -41.0000
55990.4 -119.562 47.3750 -36.5000
56005.4 -129.250 40.3125 -35.2500
56018.9 -135.938 30.7500 -41.1875
56042.8 -131.938 23.5625 -53.3750
56073.3 -132.125 14.8750 -58.6875
56095.8 -145.812 6.50000 -62.6875
56110.7 -153.438 4.18750 -69.3125
56140.9 -122.375 2.43750 -75.2500
56155.6 -132.188 -5.87500 -74.2500
56185.7 -141.625 -11.8750 -78.1875
56215.7 -130.000 -12.8750 -83.1250
56238.0 -123.688 -16.8750 -79.3750
56253.7 -130.688 -19.6250 -77.6875
56290.4 -111.250 -7.12500 -80.4375
56314.0 -105.625 -14.3125 -84.0625
56328.1 -110.062 -23.6250 -94.8125
56341.2 -105.062 -21.8125 -101.188
56357.9 -91.1250 -21.3750 -96.7500
56380.3 -93.9375 -27.8750 -102.688
56395.7 -89.1250 -31.8750 -113.125
56417.8 -84.0000 -30.3125 -113.250
56463.4 -92.8750 -30.3125 -110.688
56493.4 -90.7500 -35.1250 -116.750
56515.6 -79.5000 -42.6875 -129.438
56546.0 -65.8125 -65.0000 -129.750
56569.0 -56.7500 -72.1250 -132.438
56583.2 -34.6250 -69.0000 -137.562
56613.4 -38.2500 -70.8125 -140.812
56636.3 -56.5000 -79.9375 -146.625
56650.3 -48.4375 -86.0000 -147.812
56680.6 -7.68750 -93.8750 -125.812
56695.1 -34.1250 -101.000 -123.188
56718.4 -55.1250 -106.500 -137.125
56740.8 -30.9375 -112.312 -144.125
56756.0 3.06250 -119.562 -138.562
56778.4 28.1250 -135.375 -131.812
56807.9 25.8750 -146.750 -125.625
56823.6 45.3125 -160.312 -124.562
56845.8 56.4375 -167.000 -127.750
56860.7 43.3750 -170.812 -119.000
56875.4 100.250 -184.562 -100.438
56898.2 110.000 -181.312 -87.9375
56921.2 68.2500 -158.812 -88.6250
56935.7 33.2500 -150.062 -78.6875
56966.5 69.1250 -147.625 -57.3750
56988.1 71.4375 -126.812 -42.8125
57003.8 31.6250 -110.250 -37.1875
57026.5 15.8750 -97.5625 -31.5625
57040.5 26.5000 -79.3750 -17.7500
57055.4 5.00000 -71.6875 -2.43750
57070.5 -19.1875 -68.2500 1.75000
57093.3 -21.8125 -64.3750 -2.62500
57123.3 -0.937500 -57.1875 -2.75000
57145.3 33.1875 -50.6250 5.25000
57175.7 40.1250 -34.8125 20.6875
57198.9 28.1875 -29.0000 20.0000
57212.9 28.1875 -30.8750 25.0625
57227.9 46.1875 -30.0000 26.2500
57249.6 41.8125 -25.3125 22.7500
57273.3 25.5000 -23.3125 23.3750
57288.1 28.5000 -22.5625 32.6250
57310.1 36.1875 -16.3750 36.9375
57333.4 5.06250 -7.31250 35.2500
57349.1 -33.1875 -2.56250 35.1250
57370.6 -35.3750 -1.50000 33.0000
57393.2 -30.7500 -0.312500 22.3750
57408.2 -28.2500 -5.93750 14.3750
57430.9 7.93750 -6.75000 8.68750
57475.8 -10.8750 -14.2500 26.7500
57498.6 -22.3125 -13.6250 42.6875
57513.6 -27.6250 -4.87500 53.6250
57528.2 -42.7500 -3.00000 61.5000
57551.1 -51.0625 -4.12500 62.5000
57603.2 -53.6250 0.875000 65.4375
57648.6 -38.4375 8.56250 69.3750
57685.6 -31.1250 10.8750 63.5625
57738.0 -13.0000 4.93750 57.7500
57768.2 3.37500 -6.62500 45.8125
57790.7 23.2500 -15.3750 39.3750
57827.4 59.3125 -38.8750 31.1875
57857.9 69.5625 -45.2500 27.9375
57902.9 75.3750 -44.0000 29.1250
57918.0 72.9375 -44.0000 33.1250
57948.0 57.6250 -41.5625 36.9375
57970.4 61.6875 -33.4375 41.8750
58022.9 66.8125 -35.1875 40.2500
58036.3 62.9375 -37.3125 47.1875
58067.9 65.8750 -34.1250 56.1875
58090.6 68.7500 -34.0625 57.1875
58128.3 59.1875 -33.3750 61.5000
58150.6 49.9375 -27.2500 66.0625
58188.2 50.6250 -19.4375 66.1875
58210.6 55.2500 -18.0000 63.1250
58248.1 54.3750 -13.1250 42.8750
58270.6 47.8750 -14.6250 37.5000
58308.1 56.5625 -6.43750 36.6875
58330.6 57.3125 -2.56250 39.3125
58368.6 49.8750 5.25000 33.1875
58390.6 49.8125 7.93750 27.1875
58428.1 52.6250 11.6875 11.5625
58450.6 52.3750 8.75000 7.06250
58495.6 57.7500 5.12500 -14.7500
58510.5 67.0625 4.31250 -24.1875
58555.6 61.8750 7.93750 -44.2500
58570.5 51.6875 9.81250 -50.6250
58601.0 57.5625 10.6875 -78.5625
58623.1 61.0000 5.31250 -84.7500
58645.6 57.3125 0.750000 -93.8125
58660.4 55.8750 -2.50000 -101.375
58683.3 55.9375 -4.06250 -109.000
58705.5 49.7500 -4.75000 -116.062
58720.6 42.1875 -3.50000 -118.312
58751.2 35.2500 -5.31250 -112.438
58772.9 29.1250 -7.87500 -107.062
58788.1 19.2500 -9.62500 -107.750
58802.6 18.4375 -12.1250 -104.812
58825.6 21.8750 -14.0625 -102.188
58840.3 24.8125 -14.2500 -98.0625
58863.2 25.1875 -13.8125 -101.188
58885.9 27.6875 -14.8750 -105.625
58900.5 30.4375 -17.2500 -102.000
58923.0 22.7500 -17.2500 -94.6250
58945.6 17.1250 -24.5000 -81.5000
58960.5 7.12500 -41.1875 -70.1875
58990.5 2.12500 -45.9375 -72.0000
59011.6 12.2500 -36.4375 -68.0000
59028.1 16.8750 -32.0000 -57.6250
59041.2 25.1250 -37.7500 -42.3125
59073.3 40.4375 -42.8750 -30.5625
59095.5 51.9375 -44.5000 -22.6250
59118.5 50.0000 -35.7500 -24.8750
59133.3 58.5625 -26.4375 -18.4375
59153.5 60.9375 -25.8125 -2.12500
59170.6 55.8750 -24.3750 17.2500
59193.2 42.6250 -26.9375 32.3125
59208.1 35.4375 -31.2500 38.2500
59230.6 46.0625 -28.8750 39.5000
59268.4 54.3750 -21.3125 41.1875
59290.2 50.5625 -14.0000 58.0625
59305.6 22.7500 -8.37500 77.8750
59328.1 -20.3750 13.8750 105.750
59343.1 -24.3750 22.3125 100.625
59366.0 -22.3125 31.0000 87.6250
59388.0 -28.0625 34.0625 75.1875
59403.4 -33.0625 31.5625 76.0000
59433.3 -32.4375 30.1250 76.2500
59455.2 -38.6875 34.1250 73.9375
59470.6 -60.1875 43.9375 64.8125
59515.5 -54.8750 85.4375 52.3750
59530.5 -46.7500 96.6250 43.0625
59553.0 -21.2500 100.438 36.6875
59590.3 63.8750 106.375 5.00000
59613.1 88.1875 105.625 -16.6875
59642.9 109.875 107.938 -29.8125
59657.9 138.750 112.500 -31.6250
59673.0 166.125 116.000 -37.5625
59710.5 176.688 117.500 -71.9375
59733.6 187.125 120.875 -65.6875
59754.7 199.312 118.125 -54.9375
59777.9 186.938 114.625 -55.5000
59801.1 177.438 124.188 -59.4375
59830.5 169.312 147.562 -61.3125
59860.3 162.375 157.125 -47.4375
59898.1 109.625 152.875 -22.7500
59913.0 91.6250 158.812 -18.1875
59928.0 86.3125 169.000 -6.62500
59950.6 41.2500 158.750 12.9375
59972.9 1.37500 149.188 20.8750
60003.0 -18.7500 148.562 20.9375
60018.5 -21.4375 145.375 34.6250
60055.5 -46.2500 119.000 55.8750
60093.0 -61.1875 103.688 57.7500
60137.8 -51.8125 97.6250 50.1875
60168.1 -21.4375 94.9375 49.6875
60206.2 1.93750 90.3125 53.6250
60242.3 -6.06250 87.4375 63.8750
60271.3 -8.87500 85.5000 67.6250
60295.5 -17.9375 61.8750 63.1250
60325.5 -4.56250 47.6875 49.6250
60348.1 8.00000 35.6250 48.0625
60416.0 18.1875 19.6250 44.6875
60445.5 21.8750 11.6250 39.4375
60490.7 45.8125 -11.0000 19.6250
60520.6 38.8125 -6.06250 14.1875
60557.9 12.5000 -1.25000 12.1875
60595.5 -30.5000 13.4375 27.6875
60610.5 -52.1875 14.0625 37.6250
60625.4 -67.1875 12.5625 43.4375
60648.0 -46.6250 15.1875 42.5000
60678.1 -35.5000 18.1250 44.5000
60693.1 -34.9375 16.5000 59.8750
60716.1 -39.9375 12.1250 69.3125
60735.3 -44.8750 3.00000 56.2500
60769.1 -47.8750 -10.2500 43.2500
60790.5 -50.7500 -25.3125 38.9375
60820.7 -55.3750 -52.8125 34.8750
60835.3 -53.5000 -60.1250 26.6250
60865.5 -50.5000 -79.9375 16.7500
60880.5 -52.6875 -103.375 2.06250
60901.3 -47.2500 -116.312 -10.5000
60948.0 -39.8125 -121.312 -17.3125
60978.1 -47.7500 -132.812 -29.7500
60993.0 -50.0000 -152.562 -43.4375
61015.7 -65.8125 -172.250 -67.2500
61031.2 -88.1250 -175.438 -83.7500
61053.0 -102.188 -178.562 -104.062
61075.4 -108.500 -190.000 -129.312
61113.0 -102.312 -231.000 -168.062
61127.9 -146.688 -250.188 -206.938
61150.6 -170.938 -225.438 -220.000
61173.1 -149.000 -226.812 -229.875
61194.3 -113.500 -227.312 -208.688
61225.5 -54.8125 -222.000 -167.812
61255.5 -37.5625 -199.000 -125.562
61270.3 -52.1250 -182.812 -105.812
61293.0 -58.3125 -171.875 -82.4375
61321.3 -67.1250 -166.562 -68.8125
61345.2 -57.8125 -163.250 -62.4375
61375.6 -48.8125 -157.375 -49.0625
61388.0 -41.8750 -144.562 -36.5625
61435.5 -39.1250 -132.312 -18.5000
61465.5 -28.2500 -123.750 -12.3750
61495.5 -25.7500 -113.062 -8.93750
61510.5 -28.0000 -108.688 -6.37500
61533.0 -35.3125 -104.000 -4.37500
61547.5 -38.2500 -96.5000 -1.12500
61570.0 -38.8125 -86.7500 1.12500
61585.7 -33.3750 -78.8125 -1.62500
61608.1 -25.3750 -78.8750 -1.81250
61622.3 -17.2500 -77.3750 0.187500
61638.1 -7.00000 -73.3750 3.81250
61675.5 -16.3125 -65.0625 9.31250
61705.6 -19.8125 -62.0000 10.0625
61743.1 -1.18750 -49.3750 18.8125
61758.0 7.43750 -40.5625 18.3750
61803.2 1.43750 -25.8125 26.4375
61847.4 -2.43750 -14.5625 26.6250
61870.9 7.25000 -5.75000 22.2500
61907.9 -1.43750 -6.06250 25.5625
61968.3 26.2500 -2.31250 7.68750
61990.4 26.1875 -4.81250 5.00000
62020.5 22.3125 -8.81250 5.12500
62041.8 28.5625 -10.1875 6.50000
62087.9 47.1250 -13.1875 0.375000
62103.5 52.8125 -15.5625 -4.18750
62140.5 53.2500 -23.8750 -8.31250
62163.1 54.9375 -30.1875 -4.81250
62207.8 53.6250 -34.0000 -4.37500
62259.3 69.8750 -34.8750 -6.75000
62282.4 71.0000 -34.8750 -5.37500
62320.4 69.6250 -31.3750 -4.37500
62342.9 67.5000 -32.0000 -3.43750
62380.4 71.9375 -28.7500 -6.12500
62401.6 80.4375 -22.2500 -4.81250
62438.2 71.1875 -13.5000 -8.37500
62463.0 56.6875 -9.81250 -4.31250
62500.5 40.8125 -4.81250 -1.37500
62523.1 36.8750 -3.75000 -1.43750
62560.5 28.0625 -2.56250 -6.37500
62582.4 28.2500 2.75000 -0.625000
62620.3 5.06250 3.12500 5.18750
62642.9 -4.25000 1.87500 12.1250
62686.2 3.06250 17.2500 17.9375
62710.5 12.8750 17.0625 23.5000
62740.7 15.2500 14.1250 32.6250
62779.3 8.31250 16.0000 39.2500
62815.5 -13.8125 11.5000 43.1250
62830.4 -20.6875 8.81250 45.2500
62860.4 -20.6875 12.5625 43.8750
62897.4 -15.5625 8.87500 42.4375
62935.4 26.9375 7.50000 49.3125
62950.6 34.3125 9.00000 48.6250
62988.5 -4.81250 8.75000 57.6250
63003.0 -17.0625 12.8750 66.5625
63047.4 23.0625 12.8125 66.0625
63108.3 22.1250 10.1875 94.8125
63130.5 28.0000 8.18750 96.5625
63182.9 17.3750 -7.18750 102.125
63197.5 19.6875 -9.75000 102.000
63212.8 18.6875 -11.8125 100.188
63242.6 12.8750 -13.5625 97.3750
63272.9 1.75000 -13.1875 94.8125
63288.3 -6.81250 -8.62500 94.9375
63332.5 -14.2500 -8.50000 98.3750
63362.4 -18.1250 -9.25000 93.8125
63385.9 -15.8125 -9.62500 94.0625
63400.1 -19.0625 -6.43750 95.0625
63415.4 -21.7500 -3.50000 93.0000
63437.9 -18.7500 -3.12500 86.8125
63453.6 -13.4375 -2.68750 83.4375
63475.5 -8.37500 -0.437500 77.6250
63497.4 3.06250 1.68750 69.6875
63512.9 19.0000 1.81250 65.3750
63535.6 24.5625 3.31250 62.1250
63558.0 15.2500 4.31250 57.8750
63580.4 5.75000 2.43750 57.0625
63602.9 9.25000 2.18750 56.0625
63647.4 13.6250 2.62500 52.5625
63685.8 21.2500 5.12500 54.8750
63715.5 16.6250 6.75000 49.1250
63730.4 16.6250 7.18750 41.7500
63745.5 23.8125 6.62500 34.5625
63767.7 30.5000 7.50000 31.8125
63788.1 31.5000 7.93750 29.0000
63812.4 30.2500 9.56250 22.5000
63835.8 27.1250 10.7500 16.8125
63859.1 27.1875 13.5000 12.6875
63873.2 27.7500 15.6875 8.75000
63895.4 34.6250 15.5000 5.93750
63915.4 44.7500 14.1250 4.75000
63940.5 49.7500 14.3125 4.62500
63962.9 53.1250 14.6875 1.00000
64000.5 61.1875 13.3125 -5.31250
64015.3 66.9375 7.62500 -12.3750
64030.5 73.1875 3.87500 -11.8750
64060.5 67.1875 5.56250 -15.9375
64084.3 70.0625 4.37500 -16.0625
64127.9 59.7500 4.00000 -19.2500
64155.7 55.5625 3.37500 -16.5000
64218.6 62.2500 11.1250 -13.8125
64270.4 55.2500 24.0625 -9.25000
64322.9 33.3125 31.0625 -6.75000
64338.0 32.6250 35.6250 -4.75000
64375.2 45.8750 41.1250 -3.31250
64390.7 55.1250 43.5625 -3.68750
64428.2 62.6875 45.3750 -4.56250
64450.4 67.3125 44.0625 -4.18750
64473.0 68.0625 42.5000 -2.06250
64493.2 68.3125 42.5000 -0.875000
64531.4 60.3750 43.7500 1.12500
64547.4 53.1250 44.0625 -2.25000
64562.5 49.8125 47.1250 -2.75000
64586.4 57.3125 49.0000 2.93750
64615.3 49.7500 46.5625 5.93750
64630.0 23.5625 44.8750 5.75000
64645.3 11.9375 48.3125 2.31250
64688.3 16.3750 55.1875 5.31250
64713.0 11.2500 53.8125 6.62500
64742.7 34.3750 64.5625 11.1875
64756.0 27.0625 63.6875 16.4375
64780.2 18.3125 62.8750 17.5625
64825.5 21.8125 65.8750 18.4375
64847.6 20.3125 69.7500 21.5000
64876.3 23.7500 72.0000 28.0000
64907.3 34.1875 70.9375 43.0625
64928.3 19.8125 72.2500 58.3125
64945.1 6.00000 72.8750 65.1875
64959.9 8.18750 72.6250 72.5000
64975.5 17.8125 73.8750 79.5625
64998.8 26.5000 74.0000 91.6250
65020.1 29.5625 73.9375 102.750
65049.7 27.0625 73.6875 112.562
65065.3 22.2500 68.3750 121.000
65087.8 24.0000 61.9375 125.188
65103.5 31.1875 56.0000 125.062
65125.4 43.0625 56.8125 123.125
65170.5 54.8750 53.7500 119.688
65200.4 48.1875 39.5000 110.812
65237.0 -44.4375 -11.2500 89.0000
65260.3 -55.2500 -7.31250 92.0000
65284.3 -63.5000 -7.81250 108.000
65297.4 -63.0000 -16.8125 110.875
65318.1 -44.3125 -32.8125 100.938
65350.5 -28.1875 -43.8125 94.4375
65365.4 -42.9375 -53.7500 82.5000
65387.9 -75.6250 -67.5000 58.9375
65410.5 -106.375 -84.1875 40.7500
65423.3 -125.312 -94.0625 41.1875
65455.1 -130.188 -105.375 47.3125
65470.0 -139.750 -144.750 37.9375
65491.1 -163.062 -165.938 17.8125
65515.4 -194.625 -157.125 19.0000
65530.2 -235.500 -153.812 19.3750
65543.7 -275.000 -175.938 2.93750
65559.5 -271.250 -201.562 -27.0000
65582.3 -212.375 -186.750 -31.3750
65599.2 -205.938 -186.688 -10.8125
65643.0 -229.375 -189.625 -1.87500
65666.6 -198.688 -190.188 -15.0000
65688.0 -159.500 -180.688 -11.4375
65732.9 -155.625 -188.500 -24.4375
65747.7 -119.312 -176.250 -53.3125
65770.7 -74.5625 -164.812 -58.9375
65800.3 -68.1250 -172.750 -68.4375
65822.3 -46.6875 -160.438 -75.7500
65852.9 -20.1250 -137.562 -67.5000
65867.9 -32.3125 -137.750 -71.9375
65897.9 -34.6875 -132.312 -89.0625
65912.9 -55.8750 -133.688 -100.500
65950.2 -63.6250 -136.062 -78.8750
65988.0 11.1875 -139.500 -28.5625
66003.2 27.3750 -144.438 -15.8750
66032.4 54.5000 -150.625 13.1250
66046.8 79.1875 -151.250 42.5000
66070.2 76.2500 -152.625 56.9375
66093.0 28.1250 -164.562 51.6875
66107.8 9.00000 -159.375 55.8750
66160.6 49.5625 -128.500 52.9375
66197.9 43.3750 -126.062 43.3125
66212.9 48.5625 -122.375 43.8750
66256.1 63.0000 -101.438 59.6250
66265.4 51.8750 -94.5625 54.0625
66288.1 70.8125 -78.5625 57.1250
66302.8 85.0625 -69.1250 61.7500
66325.3 86.8125 -66.2500 66.8125
66347.3 97.6875 -49.6875 75.4375
66362.6 93.0000 -42.5625 79.6875
66376.2 87.4375 -37.4375 80.8125
66392.3 87.6250 -33.9375 75.0000
66415.5 87.3750 -35.6875 68.5000
66453.4 99.4375 -40.4375 67.3125
66467.9 108.250 -43.3125 63.7500
66496.5 114.188 -43.6250 62.0625
66528.0 132.750 -56.6875 54.5625
66595.0 162.875 -45.9375 32.0625
66647.6 121.375 -48.6875 26.7500
66685.4 112.062 -47.8750 21.5000
66722.9 98.1250 -48.7500 15.8125
66758.4 78.1875 -52.3125 5.93750
66782.7 74.3750 -56.3125 4.56250
66812.7 59.6250 -64.2500 4.12500
66835.0 55.1875 -65.0625 -1.56250
66888.7 62.7500 -71.3750 -9.50000
66948.0 88.5625 -86.6875 -20.2500
67097.9 136.250 -143.375 -49.9375
67112.6 154.688 -137.688 -64.5625
67143.3 104.000 -92.7500 -127.062
67195.0 67.9375 -128.312 -160.062
67255.9 -55.7500 -167.312 -265.375
67277.6 -84.2500 -153.250 -304.250
67292.6 -53.1875 -137.000 -313.000
67315.5 -72.0625 -140.750 -313.500
67367.9 -70.3125 -102.188 -345.125
67397.6 -37.4375 -79.5000 -340.062
67427.9 -9.68750 -68.5000 -294.500
67465.0 -4.06250 -53.6875 -282.938
67488.4 14.3125 -11.6250 -262.562
67517.9 17.5000 -13.6250 -230.875
67570.4 -4.43750 -10.4375 -210.375
67631.4 27.2500 50.8125 -169.312
67697.2 -1.75000 84.6250 -135.562
67780.3 -48.0625 63.9375 -92.1875
67803.3 -60.0625 51.6875 -86.8750
67869.6 -79.7500 11.0625 -72.5625
67900.3 -89.5000 12.1250 -77.6875
67923.5 -83.8750 7.06250 -69.1250
67938.3 -82.0000 -6.00000 -58.7500
67958.7 -94.1875 -17.6250 -49.0000
67997.4 -107.125 -20.4375 -46.4375
68034.8 -110.562 -20.3750 -47.8125
68072.8 -100.938 -33.1875 -41.6875
68094.6 -118.188 -29.3750 -51.3125
68117.0 -125.188 -20.0625 -57.1875
68132.4 -129.750 -30.0625 -47.9375
68162.4 -141.125 -29.1875 -44.8750
68177.3 -150.438 -21.0625 -56.8750
68193.4 -149.562 -23.3125 -58.8750
68214.5 -145.812 -36.7500 -56.0000
68229.8 -149.625 -42.0625 -50.8125
68252.9 -147.562 -39.0625 -48.6875
68275.2 -147.375 -39.1875 -42.1875
68335.2 -144.812 -51.2500 -26.1250
68357.7 -142.688 -52.8125 -25.3750
68374.9 -145.688 -63.2500 -15.9375
68395.0 -153.625 -74.3750 -15.1875
68417.8 -149.375 -71.9375 -12.3750
68440.6 -140.750 -77.0625 -10.5000
68455.0 -128.312 -78.1250 -6.93750
68493.2 -125.250 -61.4375 -13.9375
68515.6 -131.812 -42.8750 -22.0625
68546.9 -133.250 -11.6875 -16.5000
68565.8 -122.688 -0.812500 3.68750
68592.1 -113.562 3.25000 11.1875
68605.4 -109.375 -0.875000 9.75000
68642.8 -119.625 -18.9375 1.06250
68673.0 -139.500 -34.8125 2.31250
68695.3 -144.875 -45.5000 5.18750
68710.8 -143.250 -51.3125 -3.43750
68762.9 -142.938 -76.8125 -1.00000
68815.6 -113.250 -73.8125 14.1250
68829.1 -109.250 -72.0625 17.1875
68867.7 -104.938 -88.0000 31.4375
68890.0 -101.688 -97.3750 39.5000
68912.6 -95.6875 -105.438 43.0625
68942.6 -95.3125 -117.062 43.3750
68988.3 -94.5625 -125.875 46.7500
69025.6 -89.0625 -125.188 49.6875
69040.8 -88.9375 -117.938 40.8125
69056.0 -59.4375 -110.188 56.1250
69085.4 -48.4375 -104.438 68.7500
69100.2 -48.5625 -96.5625 67.1875
69122.9 -30.6875 -76.1250 58.6250
69144.7 -6.06250 -47.6875 50.6875
69167.9 7.75000 -28.8125 48.6875
69197.9 12.6250 -26.6250 51.6250
69212.9 0.437500 -31.8750 35.7500
69280.1 5.00000 -40.5000 -26.3750
69317.9 3.93750 -47.6875 -53.8750
69347.9 -95.7500 -103.625 -134.625
69399.9 -97.4375 -99.0625 -136.938
69452.9 -68.5000 -63.5000 -89.6250
69475.4 -42.8750 -57.2500 -73.1875
69504.7 -55.8125 -88.0625 -123.875
69557.4 -8.93750 -87.7500 -146.500
69580.3 -4.75000 -89.9375 -148.375
69639.8 46.4375 -72.1875 -131.688
69670.4 56.7500 -70.0625 -138.812
69700.4 -3.43750 -35.3125 -94.1250
69753.2 29.4375 -8.12500 -66.5625
69776.0 33.0000 -1.06250 -58.3125
69791.1 10.3750 7.00000 -57.7500
69835.3 22.5625 8.18750 -50.9375
69858.3 25.4375 8.50000 -43.2500
69895.2 -47.3125 -6.06250 -17.9375
69911.2 -49.0000 0.125000 -11.4375
69932.9 -44.0000 14.5625 4.93750
69962.9 -36.9375 28.1875 36.4375
69985.4 19.1875 34.4375 53.3750
70028.7 43.5625 31.6250 59.6875
70051.5 12.8125 19.6250 60.6875
70067.0 -11.6875 7.81250 55.0625
70097.5 -27.5625 13.8750 47.3750
70133.3 -18.8125 23.1250 45.1875
70202.7 -12.2500 28.6250 48.3125
70225.9 -22.5000 29.6875 53.8750
70330.4 -16.3125 47.7500 39.6875
70376.0 -39.0625 33.5625 38.8750
70405.5 -58.0625 26.2500 36.3125
70419.7 -60.6875 15.5625 33.6250
70441.0 -42.5000 19.8125 36.6875
70458.6 -18.6875 24.1875 36.3750
70489.3 -7.31250 16.5000 28.1250
70502.5 -8.43750 14.3750 28.1250
70517.9 -14.1250 12.3125 26.8750
70532.8 -18.6250 12.8125 27.0000
70555.6 -9.75000 15.3750 28.0000
70585.1 -1.00000 13.1875 13.0625
70615.2 -6.75000 11.1875 40.8125
70682.6 -4.43750 4.25000 8.37500
70706.1 -5.75000 5.43750 17.4375
70742.7 -33.0625 -18.9375 -2.00000
70787.8 -16.5625 -13.8125 2.18750
70810.3 -23.7500 -4.12500 5.31250
70847.8 -49.3125 -5.87500 29.1250
70892.9 -74.1875 -16.8125 6.12500
70915.1 -62.5000 -17.7500 6.87500
70938.4 -58.6250 -16.8750 10.4375
70958.1 -56.7500 -14.7500 7.37500
70981.9 -52.8750 -16.4375 3.31250
71003.5 -35.0000 -12.1875 3.93750
71064.9 0.875000 -1.18750 1.50000
71185.3 -4.18750 -2.93750 -4.00000
71199.8 1.87500 -1.81250 -1.31250
71238.0 1.00000 -2.31250 -1.43750
71259.7 -1.56250 -0.812500 -3.00000
71282.9 0.500000 -4.31250 -3.43750
71305.4 4.06250 -2.18750 -5.25000
71328.3 11.7500 -6.93750 -0.625000
71348.8 7.31250 -6.93750 -1.93750
71372.9 8.81250 -8.56250 -1.93750
71387.0 16.8125 -9.00000 -2.43750
71417.7 16.3125 -10.8750 -5.68750
71441.1 7.43750 -7.06250 -9.00000
71454.9 9.25000 -4.37500 1.06250
71485.2 -14.0625 -7.18750 -3.87500
71523.6 -16.0000 -8.31250 -5.12500
71560.4 2.31250 -5.75000 -3.18750
71567.0 5.81250 -2.87500 -7.81250
71620.0 -9.87500 -7.25000 -0.250000
71643.0 -12.5000 -10.5000 -4.31250
71687.5 -13.3125 -12.5625 -5.00000
71740.2 -14.0625 -7.06250 -1.50000
71793.7 -22.7500 -4.62500 -4.68750
71815.0 -18.8750 -3.12500 -7.81250
71867.6 3.43750 2.62500 -3.62500
71897.6 5.43750 -0.937500 -0.375000
71920.5 -2.06250 -4.81250 1.75000
72077.4 0.0625000 -3.56250 1.25000
72138.1 -9.81250 -3.68750 -2.31250
72182.4 14.1875 -5.37500 -1.06250
72205.6 15.6875 -7.25000 -4.68750
72234.7 25.4375 -7.62500 -3.56250
72287.8 8.18750 -8.31250 -12.1875
72317.3 6.31250 -7.31250 -18.3125
72354.8 4.06250 -9.50000 -27.8125
72415.3 6.25000 -20.8750 -46.5625
72452.5 -6.12500 -9.31250 -48.0000
72467.6 25.7500 -2.00000 -49.8125
72519.4 -7.87500 -6.43750 -52.7500
72534.4 -19.2500 -8.75000 -48.8125
72579.7 -2.81250 -9.56250 -54.3750
72602.2 23.9375 -27.5000 -61.1250
72625.9 38.6875 -48.1250 -44.6250
72647.3 63.9375 -44.9375 -42.2500
72671.8 68.5625 -47.1250 -42.6250
72684.5 57.8125 -37.9375 -47.5000
72698.9 51.4375 -30.2500 -45.5625
72722.4 31.8750 -28.8750 -50.0000
72737.4 13.5625 -27.6875 -57.6875
72767.2 22.1250 -31.1250 -54.1250
72797.8 23.6250 -38.6875 -49.5625
72812.9 29.0000 -39.1875 -36.9375
72858.1 48.5000 -38.5000 -22.9375
72887.8 71.6875 -40.0000 -25.8750
72902.7 66.1250 -32.8750 -25.1250
72917.8 15.2500 -21.3750 13.1250
72940.4 -14.0625 -34.0625 6.68750
72970.1 -40.7500 -35.1250 -17.3750
72985.3 -37.8750 -31.8750 -29.5625
73029.4 -4.37500 -44.4375 -21.3125
73043.5 5.06250 -53.8125 -6.06250
73059.0 2.00000 -60.8750 4.68750
73074.7 20.2500 -70.5000 -6.06250
73096.2 49.0000 -60.1250 -36.1250
73120.5 37.0000 -61.5000 -40.5000
73143.0 12.8750 -58.8125 -39.8125
73157.1 -39.1250 -53.1250 -32.2500
73180.2 -81.0625 -43.6250 -25.4375
73203.0 -85.0000 -40.4375 -23.8750
73240.6 -75.0000 -36.0625 -19.2500
73262.5 -66.0000 -37.0000 -20.3750
73300.2 -105.875 -33.6250 -13.7500
73314.8 -113.875 -34.8125 -13.3750
73328.5 -119.688 -32.4375 -14.4375
73342.9 -128.875 -25.1875 -11.6250
73360.8 -129.250 -16.3750 -7.37500
73382.8 -125.812 -12.1875 -4.68750
73406.1 -111.812 -14.5000 -5.75000
73434.9 -106.688 -14.2500 -6.62500
73480.0 -96.4375 -3.00000 -9.62500
73510.5 -88.8750 3.68750 -11.8750
73524.8 -95.3750 2.37500 -12.3125
73539.7 -97.9375 4.93750 -13.3125
73563.0 -84.3125 10.0000 -17.1250
73593.6 -67.4375 13.8125 -19.8750
73607.8 -64.7500 15.1875 -23.0000
73651.3 -61.9375 18.3750 -23.1875
73667.8 -61.1875 24.8750 -22.5000
73705.9 -68.5625 28.5000 -15.2500
73720.2 -71.8125 29.8125 -12.6875
73743.4 -73.8750 34.8125 -13.5625
73773.3 -71.3750 35.5000 -15.7500
73793.5 -61.5625 30.4375 -16.5000
73817.5 -61.5000 28.6250 -17.0000
73832.8 -56.9375 32.0000 -18.9375
73847.8 -46.0625 30.6250 -15.6250
73862.7 -40.1875 23.9375 -6.75000
73883.4 -33.6250 19.0000 -0.500000
73900.2 -27.6875 19.1250 2.68750
73923.4 -24.7500 19.5625 4.25000
73944.7 -14.9375 17.0625 5.31250
73967.2 -3.62500 10.4375 5.06250
74006.3 7.62500 -0.875000 4.50000
74043.4 17.3750 -3.75000 0.437500
74073.5 18.5000 -0.125000 -8.62500
74117.8 43.9375 5.25000 -27.9375
74162.4 181.500 2.31250 -41.8125
74192.4 187.125 6.93750 -47.5625
74229.7 152.500 2.62500 -61.6875
74252.6 132.062 6.18750 -65.7500
74273.6 100.938 17.1250 -65.8750
74297.3 77.8750 20.3750 -56.4375
74327.8 113.500 19.6250 -54.2500
74343.0 160.500 22.6250 -55.1250
74364.5 186.625 26.6250 -60.7500
74386.9 143.438 38.3125 -83.5625
74417.3 57.7500 75.2500 -104.250
74445.1 -110.500 120.438 -116.812
74462.9 -292.688 139.375 -131.375
74484.7 -470.750 165.125 -58.7500
74500.3 -498.312 150.875 -10.1250
74522.2 -449.312 138.875 20.4375
74545.1 -422.312 128.312 19.8750
74567.5 -359.688 92.6250 44.3125
74590.3 -236.938 48.7500 84.5000
74626.8 -142.750 12.0000 98.1875
74641.1 -77.0000 16.3125 88.2500
74658.1 -62.8750 20.8750 74.3125
74671.0 -75.6875 12.8750 77.0000
74694.3 -119.062 1.31250 84.9375
74709.8 -155.250 -9.68750 88.5000
74738.6 -132.312 -18.6875 89.0000
74754.2 -80.5000 -25.5000 75.6250
74771.4 -52.3125 -28.1875 63.3750
74843.8 -18.5625 -28.7500 45.8750
74858.7 -25.0000 -30.5000 45.6250
74890.1 -42.5000 -30.5625 44.0625
74920.4 -22.1875 -33.3750 43.5000
74957.3 -30.8750 -34.1250 47.3750
74987.7 -29.1250 -34.5625 44.6250
75002.7 -19.1875 -32.0625 35.7500
75025.1 -24.5625 -29.7500 37.6875
75047.8 -42.8125 -33.1875 41.8750
75060.6 -71.2500 -38.5000 44.6250
75077.8 -72.9375 -43.8750 61.3125
75092.3 -65.5000 -46.1250 79.3750
75114.0 -68.0000 -42.8750 73.1250
75130.0 -53.0000 -33.3750 48.8125
75152.8 -10.2500 -27.9375 32.5000
75190.1 -104.562 -24.8125 29.6250
75228.4 -146.938 14.1250 11.9375
75240.1 -132.312 69.6250 -15.3125
75264.5 -156.688 82.8750 -21.4375
75295.2 -273.250 137.875 3.37500
75310.9 -218.562 192.438 15.2500
75325.6 -93.7500 213.750 47.3125
75347.1 9.25000 207.500 74.7500
75369.6 56.6250 211.438 60.8750
75384.7 78.7500 225.500 56.7500
75415.1 130.125 233.250 83.5000
75428.5 168.250 236.375 89.0625
75460.2 177.875 235.062 79.8750
75482.1 169.250 236.125 71.8750
75512.5 138.750 233.375 84.8125
75557.8 51.8750 225.438 76.0625
75573.0 36.5625 214.000 82.2500
75617.9 3.81250 191.750 95.1250
75632.5 3.18750 182.312 91.7500
75677.7 21.8750 162.125 98.3750
75693.0 -3.87500 152.750 90.5625
75744.8 -21.8750 120.938 86.1875
75804.6 -85.1250 93.9375 89.7500
75833.9 -79.3125 81.8125 83.3750
75873.2 -38.6875 72.5000 76.0000
75895.4 -32.3125 63.2500 77.2500
75925.2 -57.2500 52.0625 92.8750
75940.1 -70.2500 53.5625 104.125
75977.6 -83.1875 58.1875 121.812
76007.8 -79.3125 59.9375 118.188
76090.4 -36.6875 25.8750 95.9375
76134.6 -59.1875 39.6875 82.8750
76149.4 -77.8750 39.5625 83.0000
76173.7 -76.1875 36.5625 79.0625
76178.2 -79.9375 35.2500 72.8750
76216.7 -66.9375 32.3750 65.7500
76240.3 -71.3125 35.0625 62.7500
76293.0 -64.3750 31.0000 56.5000
76315.2 -61.0625 26.0000 52.5625
76375.2 -67.3750 15.0625 46.7500
76435.0 -99.0000 22.9375 45.8125
76472.0 -85.0000 23.8750 53.1875
76480.2 -79.6875 27.3750 64.9375
76525.1 -19.0000 20.6250 73.1875
76584.9 21.6250 20.5000 69.5000
76608.1 2.37500 24.8750 72.0625
76639.1 -18.5000 10.6875 36.3125
76660.2 -29.6875 11.1250 23.5000
76697.0 -3.12500 9.00000 24.1250
76720.1 23.0000 -0.125000 5.87500
76757.8 30.6250 -21.8750 7.31250
76780.0 37.7500 -25.0000 8.25000
76817.4 62.5625 -28.1250 -14.5000
76839.9 37.7500 -32.2500 -8.50000
76878.7 30.3750 -33.4375 -2.12500
76900.0 39.8750 -30.7500 0.437500
76945.8 43.0625 -36.6250 -0.687500
76967.5 60.1250 -45.5625 0.0625000
76997.2 59.7500 -49.0625 10.5625
77034.6 40.5000 -46.1875 23.6875
77057.1 46.3750 -43.1875 25.2500
77095.2 59.7500 -39.5000 17.1250
77117.6 49.5000 -41.2500 21.8750
77146.9 27.3750 -34.8750 28.1875
77177.0 30.3125 -31.1875 31.5000
77192.4 37.1875 -29.6875 32.7500
77214.6 40.3125 -33.3125 26.4375
77237.6 37.2500 -38.0625 23.0000
77260.0 24.9375 -44.5625 20.6875
77297.7 5.87500 -56.9375 10.3125
77320.0 -2.12500 -59.0000 -1.87500
77358.2 -18.6875 -61.0625 -6.81250
77387.3 -20.1875 -70.5000 -5.43750
77417.5 -25.8750 -79.8125 -33.6250
77470.0 -49.3750 -75.3125 -65.9375
77485.1 -52.6875 -78.3750 -70.0000
77537.5 -78.4375 -104.625 -109.938
77560.2 -97.0000 -108.188 -124.625
77590.2 -101.188 -96.1875 -124.062
77620.0 -92.0625 -98.5000 -128.750
77643.3 -90.6875 -100.125 -138.000
77656.2 -101.625 -90.8750 -144.750
77672.9 -106.875 -81.8125 -145.562
77695.2 -101.938 -77.3125 -140.750
77710.7 -92.3125 -74.6250 -133.438
77732.5 -97.0625 -76.9375 -142.438
77755.1 -106.062 -77.6875 -166.250
77769.3 -94.4375 -78.3125 -188.625
77793.5 -77.5000 -83.4375 -202.812
77815.1 -100.000 -95.8125 -214.938
77828.7 -137.812 -97.1250 -218.062
77852.0 -103.312 -94.8750 -206.375
77874.8 -92.1875 -104.062 -190.000
77890.2 -63.3125 -104.750 -160.125
77912.2 -28.1875 -98.2500 -164.625
77935.0 -23.8750 -99.9375 -179.562
77949.7 -34.5000 -109.375 -184.062
77972.8 -40.3125 -95.1250 -162.062
77995.1 -52.8125 -82.2500 -140.188
78010.2 -71.6250 -72.0625 -137.062
78039.9 -73.6250 -74.7500 -145.438
78062.7 -83.1250 -61.1875 -150.312
78093.7 -40.5000 -33.7500 -129.750
78113.1 -38.5625 -26.0000 -125.000
78135.6 -45.6250 -17.9375 -115.875
78160.6 -60.6875 -9.75000 -96.1875
78182.3 -61.7500 -4.93750 -86.5625
78197.8 -66.6250 -4.62500 -83.9375
78212.6 -57.8125 -4.81250 -84.5000
78234.9 -41.3750 -5.50000 -83.2500
78257.2 -12.6250 -9.50000 -82.8750
78280.5 2.50000 -16.8125 -84.6250
78300.8 0.312500 -20.7500 -81.3750
78340.1 -5.31250 -17.0000 -54.3125
78363.4 13.3125 -13.1250 -46.1875
78378.0 27.5625 -6.43750 -41.3750
78392.4 19.8750 -6.00000 -39.1250
78422.7 3.12500 -10.0625 -33.3750
78451.6 -2.25000 -8.56250 -26.0625
78474.8 -3.18750 -5.06250 -20.5625
78490.2 5.62500 -0.500000 -19.7500
78505.0 20.1875 4.50000 -20.8125
78519.8 34.0000 3.06250 -22.0625
78534.6 42.4375 1.43750 -21.0000
78558.5 47.1875 -3.18750 -20.7500
78572.5 59.0000 -7.18750 -20.8125
78602.3 69.8125 -5.18750 -23.7500
78632.5 80.9375 -7.87500 -24.9375
78647.3 101.438 -15.0625 -29.0625
78668.4 135.188 -24.8750 -38.5625
78684.7 144.625 -24.0000 -40.9375
78707.0 111.688 -20.0625 -34.6875
78722.2 65.1250 -21.0000 -26.8125
78738.2 31.0625 -15.2500 -24.6875
78752.6 20.1875 3.25000 -27.1875
78775.9 16.4375 26.0000 -34.7500
78805.8 33.1875 38.9375 -33.9375
78820.1 61.1875 40.5625 -28.7500
78842.5 64.0000 50.0000 -24.6875
78857.4 36.3750 60.6250 -30.9375
78872.3 26.0625 66.5625 -36.5000
78902.5 39.5625 71.6250 -33.5000
78925.1 44.8750 82.2500 -24.4375
78940.1 60.8750 96.0000 -14.6875
78955.1 94.1875 104.688 -7.18750
78985.1 131.938 115.875 -0.0625000
78998.4 134.188 129.875 2.06250
79029.8 113.188 136.000 8.00000
79052.5 95.5000 136.375 11.9375
79067.5 83.2500 142.938 5.50000
79089.8 67.3125 152.875 -1.31250
79110.8 40.0625 157.000 -8.81250
79134.4 24.0625 150.500 -15.8125
79158.7 9.12500 145.375 -22.2500
79172.7 1.50000 146.250 -30.0000
79200.6 -0.937500 143.938 -31.5000
79225.4 -13.8750 134.375 -33.5625
79254.9 -35.5000 131.188 -45.8750
79292.1 -31.4375 128.875 -47.5000
79321.8 -34.6250 122.250 -52.1875
79351.7 -30.7500 116.375 -58.6250
79382.4 -35.0625 92.3750 -69.0625
79397.7 -36.4375 82.6250 -69.6250
79420.2 -26.4375 65.9375 -72.3750
79435.1 -24.5625 60.1250 -73.4375
79456.3 -16.3750 57.7500 -74.8750
79479.6 -7.68750 55.1250 -73.3125
79495.7 2.00000 46.3750 -66.8750
79517.3 2.68750 37.3125 -63.6875
79562.7 6.00000 37.3125 -62.5000
79577.9 16.9375 38.9375 -60.1250
79630.2 41.0625 24.2500 -53.7500
79675.0 48.0000 25.1250 -50.3750
79689.8 46.7500 22.6875 -47.8125
79719.5 35.5625 16.5000 -42.8125
79734.8 33.8750 14.6250 -37.3750
79757.7 33.0000 15.9375 -30.9375
79780.0 35.1250 20.3750 -25.0000
79802.6 32.0000 21.6250 -21.6875
79832.6 22.9375 16.5000 -18.3125
79878.1 2.50000 6.25000 -29.3125
79907.3 -2.93750 6.68750 -36.1250
79930.5 -18.6875 2.68750 -37.0625
79945.3 -15.7500 -6.25000 -37.3125
79975.6 -9.56250 -15.5000 -39.0000
79995.9 4.93750 -21.1875 -39.4375
80020.0 17.0625 -27.2500 -41.6250
80042.1 32.2500 -48.6250 -43.1250
80065.3 34.4375 -50.9375 -42.7500
80085.8 28.1250 -48.7500 -44.0000
80102.7 17.1875 -49.2500 -50.5000
80126.2 3.00000 -52.7500 -55.6250
80139.6 -5.43750 -56.4375 -61.0625
80156.2 1.25000 -59.8125 -65.5000
80177.0 13.0000 -60.8750 -67.1250
80200.3 13.8125 -63.2500 -72.0000
80220.7 8.87500 -66.5000 -73.3750
80237.5 8.25000 -68.1875 -71.2500
80267.9 13.8750 -69.3125 -68.5000
80290.1 19.5000 -68.9375 -65.0000
80313.5 28.1875 -69.5000 -58.8125
80326.7 29.7500 -69.5000 -49.5625
80347.6 27.2500 -65.6250 -41.6250
80380.5 32.2500 -57.4375 -15.5000
80409.2 19.4375 -41.0000 -7.37500
80432.4 16.5625 -38.4375 0.437500
80477.1 6.62500 -16.1875 15.5000
80530.4 12.0625 16.6250 42.8750
80552.5 -12.1875 28.7500 54.9375
80590.0 -8.12500 32.0000 73.5625
80613.0 -4.93750 33.1250 83.7500
80649.7 0.0625000 26.5000 103.812
80680.8 1.12500 17.9375 103.812
80763.5 -24.3125 15.6875 119.875
80785.0 -32.5000 18.0000 107.875
80845.7 -24.8750 66.6875 63.2500
80867.4 -56.2500 77.9375 51.2500
80950.1 -125.938 103.688 41.0625
80980.2 -117.938 111.562 59.1250
81010.1 -103.812 107.875 62.4375
81033.0 -100.875 104.438 71.5000
81069.2 -40.3750 90.3125 88.9375
81093.1 -18.1875 80.3125 84.6875
81138.5 61.3750 72.9375 74.4375
81189.8 125.125 58.5625 63.3750
81212.0 132.750 49.2500 64.4375
81255.5 116.750 40.1875 61.4375
81280.5 103.125 30.3750 68.1250
81310.8 71.0625 38.3125 62.1250
81348.3 95.4375 42.6875 70.1875
81504.7 57.0625 50.4375 116.938
81528.0 49.8750 62.0000 113.125
81549.8 -50.7500 78.3125 94.3750
81602.4 -104.812 96.1875 52.1875
81632.3 -132.625 112.875 50.5625
81677.4 -128.688 131.688 33.0625
81722.0 -133.250 131.812 4.56250
81760.7 -97.9375 123.625 -7.06250
81865.0 -98.3750 68.5000 -78.9375
81910.4 -78.8125 66.1875 -85.1875
81939.8 -62.0000 62.2500 -111.375
81962.8 -67.1250 51.4375 -108.375
81984.1 -68.7500 36.0000 -106.750
81997.9 -62.0625 21.7500 -105.812
82020.9 -52.8125 18.1250 -100.750
82045.0 -40.6875 20.0625 -90.7500
82074.6 -34.6875 18.0000 -81.3125
82098.1 -32.6250 10.0000 -71.8125
82142.5 -19.1875 -11.7500 -57.0000
82165.8 -16.1250 -24.6875 -46.1250
82202.2 -4.06250 -31.8125 -40.6250
82224.9 3.31250 -30.9375 -43.7500
82247.0 17.1250 -30.6250 -43.1875
82284.8 18.8125 -40.6250 -24.8125
82300.6 5.25000 -45.9375 -28.1250
82314.6 9.68750 -43.9375 -38.0625
82327.3 18.8750 -39.3750 -46.5625
82345.3 30.8750 -34.1250 -48.5000
82374.5 38.4375 -30.6250 -49.8750
82390.3 31.3750 -28.7500 -54.5000
82419.4 22.0000 -27.3750 -57.9375
82432.5 16.5625 -27.6875 -58.7500
82450.0 10.6250 -30.3125 -60.8750
82465.4 14.0000 -22.7500 -64.1250
82487.2 19.2500 -13.5625 -64.0625
82509.8 13.6250 -17.4375 -69.0000
82532.4 6.81250 -19.9375 -74.8125
82554.5 -0.437500 -22.4375 -79.2500
82569.4 1.18750 -23.8750 -80.2500
82584.6 3.93750 -20.0000 -75.9375
82607.5 -4.56250 -21.3750 -68.5625
82622.4 -12.1875 -22.1875 -65.2500
82652.3 -20.0625 -21.4375 -70.8750
82675.1 -22.7500 -18.7500 -74.5625
82689.3 -26.8750 -17.7500 -73.8750
82719.7 -35.9375 -16.1875 -69.4375
82734.6 -40.8750 -9.62500 -70.6250
82749.9 -41.0000 -8.25000 -69.0625
82772.7 -51.8750 -9.75000 -64.6250
82787.5 -57.0625 -8.68750 -62.4375
82810.5 -54.6250 -4.93750 -66.1250
82832.5 -42.8750 -1.06250 -67.4375
82863.7 -33.5625 -0.187500 -62.0625
82878.0 -27.5000 -2.62500 -60.1875
82892.4 -28.5000 -2.18750 -61.4375
82921.8 -21.8750 -7.81250 -40.7500
82945.6 -38.8125 -7.87500 -42.3125
82967.3 -52.5000 -1.25000 -52.7500
82983.3 -48.5625 -0.937500 -54.8750
83004.8 -30.9375 -7.43750 -54.6250
83035.0 -20.5000 -12.2500 -61.8125
83057.2 -17.1250 -12.7500 -67.3125
83072.2 -19.0000 -16.7500 -74.0625
83087.4 -8.93750 -17.1250 -80.4375
83117.3 1.00000 -22.5625 -79.9375
83132.4 7.56250 -23.1250 -83.0000
83154.6 8.93750 -25.2500 -84.9375
83192.3 7.25000 -21.0000 -75.2500
83214.6 -9.31250 -18.8750 -66.1875
83261.5 -41.8750 -8.68750 -62.7500
83282.0 -16.6250 -13.8125 -53.5000
83313.0 -30.4375 -18.8125 -49.5625
83342.3 -25.9375 -14.0000 -51.5625
83364.7 -23.5000 -7.93750 -38.3125
83380.5 -51.1250 -8.00000 -39.7500
83394.6 -38.7500 -1.87500 -42.7500
83411.0 -13.6250 -4.50000 -46.3750
83424.8 17.6250 -7.25000 -55.2500
83463.0 64.4375 -9.43750 -55.9375
83500.7 88.4375 -10.3750 -53.5625
83537.2 78.6250 -7.81250 -46.9375
83560.0 99.8750 -4.50000 -45.6875
83588.4 92.4375 -7.62500 -44.2500
83611.6 84.8125 -9.12500 -45.6875
83632.8 78.8750 -4.00000 -48.8750
83664.9 60.0000 3.31250 -50.1250
83680.3 48.1250 2.37500 -52.5625
83701.8 47.0000 5.06250 -52.5000
83732.8 31.1875 12.6875 -47.4375
83754.2 24.5000 18.3750 -49.8125
83779.3 41.1250 23.6250 -52.1875
83792.5 42.6250 18.3125 -52.1250
83822.1 19.6250 12.6250 -59.7500
83835.4 2.18750 13.2500 -62.8125
83852.4 -7.31250 21.5000 -51.8750
83867.4 -14.1875 25.7500 -42.6250
83889.9 -28.6250 21.4375 -38.2500
83905.2 -10.1250 17.5000 -38.3125
83927.5 21.2500 8.56250 -38.2500
83949.8 31.5625 -1.81250 -34.0625
83972.3 30.1875 -7.93750 -39.3125
83987.6 37.5625 -10.0625 -41.8125
84017.5 62.0625 -20.9375 -40.4375
84054.2 63.5625 -29.9375 -35.8750
84069.3 59.1875 -23.2500 -28.8750
84084.2 40.6250 -27.8125 -33.6250
84107.6 12.8750 -31.9375 -12.1875
84130.0 27.3125 -19.8750 -22.3750
84152.4 55.7500 -10.4375 -28.4375
84167.2 48.0000 10.9375 -62.8125
84198.2 24.0625 1.00000 -21.1875
84219.8 0.562500 7.68750 -31.3125
84235.0 -26.7500 11.8125 -28.9375
84280.5 1.81250 20.1875 -20.5000
84300.0 13.8750 27.8750 -20.7500
84331.5 24.3750 32.9375 -20.3750
84354.7 -15.8125 44.0000 -18.3125
84377.0 -10.3125 51.5000 -12.6250
84392.5 4.81250 50.6875 -10.8125
84407.3 14.7500 50.3125 -8.25000
84428.9 5.25000 53.7500 -4.06250
84452.4 6.37500 53.4375 3.12500
84474.8 -12.9375 54.5000 10.0625
84504.7 -3.68750 60.6875 10.5625
84527.1 62.8750 68.8750 23.5625
84557.5 82.0000 45.5625 69.9375
84580.4 57.3750 58.2500 77.5625
84595.0 78.3125 83.4375 82.6875
84609.9 103.250 97.1875 93.3750
84631.6 75.6875 103.125 93.4375
84647.9 5.43750 111.438 86.3750
84669.3 -66.4375 124.125 89.6250
84692.0 -82.2500 142.688 93.5625
84707.2 -80.0625 155.000 101.938
84730.4 -96.1250 151.562 113.562
84750.4 -103.125 139.312 120.625
84766.7 -96.3125 128.875 126.000
84796.5 -83.8125 130.250 128.312
84834.9 -88.7500 131.062 129.250
84857.0 -95.6250 128.250 124.875
84879.5 -95.5625 124.312 116.250
84902.4 -93.9375 114.750 108.125
84917.1 -100.562 106.875 111.875
84954.5 -107.438 89.0625 100.750
84969.5 -97.4375 85.2500 91.2500
84992.3 -90.8125 83.0000 85.5000
85013.7 -94.1250 81.1250 84.8125
85022.9 -107.938 74.3125 83.5625
85074.5 -122.875 66.6250 80.0000
85113.2 -121.812 52.2500 62.5000
85142.5 -110.250 47.9375 60.4375
85164.8 -100.188 39.6250 64.3125
85202.6 -89.6250 18.0000 52.5625
85233.2 -84.6250 17.2500 47.0000
85263.0 -82.1875 11.1875 42.1875
85283.4 -87.5000 4.31250 34.8125
85322.2 -74.4375 6.31250 26.8750
85359.2 -68.0000 9.00000 25.1875
85427.2 -79.5625 -6.37500 14.1250
85442.1 -71.8750 -7.68750 13.1875
85472.2 -66.8750 -11.2500 14.6250
85478.8 -54.3750 -12.1875 8.81250
85501.9 -48.3750 -12.6875 6.12500
85532.5 -55.0000 -14.3125 3.12500
85547.5 -59.1875 -14.8750 -1.75000
85569.9 -58.0625 -17.3125 -4.31250
85585.2 -61.4375 -22.2500 -8.12500
85601.0 -60.1250 -20.2500 -11.5000
85621.7 -56.5625 -15.7500 -13.8750
85644.5 -54.0625 -16.5000 -15.0625
85658.3 -55.0000 -22.6250 -23.0625
85683.1 -57.0000 -23.0625 -28.0000
85704.7 -56.8125 -19.5625 -29.1875
85742.3 -58.3125 -19.1875 -37.8750
85764.7 -61.3750 -17.1875 -46.4375
85801.9 -76.9375 -10.3125 -50.8750
85824.6 -75.2500 -7.25000 -48.6875
85869.5 -61.0000 -9.31250 -46.8750
85884.9 -58.8750 -9.68750 -49.8750
85922.2 -63.8125 -7.93750 -53.0625
85959.9 -63.6250 -8.25000 -58.0625
86013.0 -69.3125 -14.2500 -60.3125
86050.0 -62.5625 -11.1875 -69.1250
86072.6 -60.6875 -14.9375 -73.0625
86103.8 -67.4375 -18.1250 -90.8750
86155.1 -56.5000 -24.1250 -103.312
86169.2 -53.1875 -25.3125 -111.812
86222.4 -18.6875 -38.6875 -120.375
86259.4 1.56250 -41.0625 -125.062
86289.6 6.12500 -43.5000 -124.000
86335.9 27.0625 -54.1250 -100.375
86350.1 30.1875 -56.3125 -98.5625
86403.1 62.1875 -51.6250 -85.9375
86447.2 56.1875 -47.0000 -82.8750
86468.3 59.8125 -45.7500 -77.0000
86500.1 73.8125 -42.8125 -70.3125
86522.4 69.0000 -45.0000 -71.0625
86537.3 61.3125 -43.1875 -71.5000
86552.4 58.2500 -41.5625 -69.7500
86574.7 47.8125 -39.8125 -70.7500
86597.1 46.6250 -38.5625 -71.8125
86613.1 49.7500 -39.9375 -73.5000
86634.9 44.4375 -40.3125 -72.4375
86656.7 32.5000 -39.1250 -69.0000
86671.0 18.6250 -34.5000 -70.0000
86694.6 12.8125 -28.7500 -73.5625
86717.4 8.18750 -25.5625 -76.1875
86732.0 5.12500 -25.7500 -72.8125
86769.7 -9.31250 -25.3750 -74.0625
86791.9 -16.2500 -22.3125 -73.3125
86806.9 -19.0000 -20.3750 -79.8125
86821.9 3.93750 -24.6250 -87.1250
86837.0 23.7500 -35.7500 -96.8125
86860.4 50.1250 -47.1250 -93.7500
86874.0 52.0000 -52.7500 -102.688
86903.9 66.3125 -55.5000 -107.500
86927.3 71.3125 -50.7500 -125.938
86942.2 99.3125 -35.0000 -136.812
86987.3 138.438 -0.187500 -141.875
87002.2 151.625 -6.50000 -148.562
87039.9 270.125 -24.0000 -152.875
87054.7 357.000 -20.6250 -137.812
87077.0 418.875 -33.0000 -123.000
87106.6 435.125 -48.5000 -112.438
87122.1 420.812 -61.4375 -98.3125
87167.0 290.312 -49.0625 -90.0000
87180.9 225.250 -25.6250 -82.8750
87204.8 167.312 1.50000 -72.8125
87219.9 115.438 24.8750 -63.0000
87234.9 76.9375 50.5625 -57.1250
87257.0 48.4375 80.6250 -56.0000
87280.3 27.5625 111.250 -55.8750
87294.2 -2.81250 133.250 -58.5000
87325.0 -37.2500 149.000 -61.0625
87347.3 -67.8750 162.250 -64.3125
87362.7 -82.4375 170.250 -65.9375
87384.8 -86.3125 174.625 -68.3125
87406.8 -85.1875 179.188 -76.2500
87430.2 -86.8125 190.188 -87.2500
87458.8 -92.3750 202.250 -93.5625
87497.2 -143.375 182.938 -88.9375
87519.4 -164.938 180.875 -89.0625
87557.2 -184.438 179.688 -79.3125
87609.7 -199.125 160.500 -72.7500
87676.8 -164.562 30.9375 -68.0000
87692.2 -156.812 10.9375 -72.0000
87706.9 -161.062 0.750000 -69.8750
87722.3 -154.938 -9.18750 -65.4375
87744.8 -127.250 -19.3750 -69.1250
87767.6 -92.7500 -30.0000 -74.1875
87797.3 -87.8750 -57.3750 -82.0000
87817.5 -100.688 -65.8125 -84.7500
87842.5 -98.1250 -72.0625 -87.1875
87857.4 -80.8750 -80.1875 -88.3750
87894.7 -69.0000 -90.9375 -85.5000
87924.6 -68.1250 -100.375 -85.9375
87947.7 -55.7500 -112.500 -94.5625
87976.9 -37.6875 -121.250 -80.4375
87999.9 -56.0000 -124.500 -81.5000
88022.1 -66.8125 -127.250 -100.312
88037.2 -43.9375 -127.500 -103.562
88059.9 -51.5625 -133.188 -95.3125
88082.1 -64.4375 -136.125 -93.0625
88097.9 -52.1250 -134.562 -92.2500
88119.7 -44.6250 -134.438 -83.3125
88142.2 -44.6250 -131.188 -80.0625
88157.1 -35.6250 -132.438 -75.0625
88179.8 -36.0000 -135.750 -67.3750
88202.8 -34.6875 -136.438 -68.3125
88217.7 -29.0000 -136.312 -67.3125
88239.5 -20.5625 -137.438 -59.5625
88262.0 -8.50000 -140.562 -55.8750
88277.2 9.68750 -137.375 -49.5000
88300.8 15.0625 -133.500 -41.6875
88322.4 16.5625 -131.500 -39.3125
88337.0 28.5625 -119.000 -35.1875
88359.9 34.1875 -112.938 -26.4375
88380.6 39.3125 -112.062 -13.5625
88397.6 49.5000 -103.375 -5.62500
88419.7 46.0625 -97.6250 1.93750
88441.8 42.3125 -89.1875 6.00000
88457.4 52.6250 -80.4375 7.31250
88480.3 55.9375 -76.1875 13.6250
88501.8 59.0000 -74.6250 18.0000
88517.4 59.8125 -74.2500 17.3125
88539.5 65.8125 -69.2500 16.1875
88563.7 67.0000 -64.6250 19.6875
88577.3 54.4375 -65.2500 22.0625
88599.8 53.0000 -59.3750 27.3125
88622.4 59.6250 -54.9375 28.3750
88635.5 52.1250 -49.6875 24.1875
88659.3 29.8125 -43.1250 23.3125
88682.0 24.8750 -36.1875 30.8125
88702.9 36.5000 -36.4375 34.6875
88719.9 25.1250 -30.9375 29.1875
88740.6 6.93750 -18.0000 28.6250
88765.3 -4.12500 -15.3125 32.1875
88780.3 -12.6875 -16.1250 34.8750
88800.1 -18.9375 -18.5000 33.8125
88824.9 -23.0000 -10.8125 30.9375
88839.8 -16.6250 -4.75000 24.5000
88863.0 -16.0000 -8.87500 17.8125
88891.5 -21.4375 -12.9375 15.0000
88905.6 -31.6250 -8.93750 16.8125
88944.8 -34.6875 -10.9375 13.5000
88959.7 -13.1250 -6.56250 5.31250
88982.3 -7.81250 -4.43750 -5.87500
89004.4 3.18750 -1.12500 -17.1875
89019.3 3.12500 1.25000 -28.2500
89042.2 -10.2500 4.75000 -44.6250
89072.3 -25.6250 12.2500 -63.9375
89087.3 -13.6875 16.5000 -67.1875
89109.8 7.37500 18.0000 -63.3125
89124.5 8.12500 12.6875 -63.7500
89139.4 6.25000 11.5625 -68.0625
89161.6 24.7500 3.18750 -63.8750
89184.5 21.3125 -2.75000 -63.8750
89199.1 -1.87500 0.187500 -68.8750
89221.6 25.1250 3.43750 -74.0000
89244.4 48.5000 -1.93750 -76.4375
89259.3 53.0000 -7.25000 -77.5000
89289.1 37.5000 -10.0000 -81.8750
89312.8 26.7500 -8.00000 -78.1875
89327.0 34.8750 -15.3750 -68.6250
89342.5 51.0000 -11.8750 -64.8125
89365.3 52.4375 -6.18750 -61.3125
89380.3 19.5000 -7.56250 -63.5625
89402.3 3.87500 -11.5000 -65.8125
89425.0 22.0625 -14.7500 -75.1875
89439.8 65.5625 -17.6875 -81.1250
89462.0 140.812 -17.9375 -80.0625
89484.7 259.938 -30.5625 -72.8125
89500.4 350.000 -39.7500 -57.7500
89529.9 428.688 -52.4375 -47.0625
89567.3 518.500 -69.5000 -30.7500
89582.9 581.062 -85.1250 1.81250
89602.3 558.500 -98.1875 60.5625
89627.0 376.375 -53.6250 89.0000
89642.3 170.188 -39.6875 109.875
89664.6 113.750 -53.5000 119.250
89694.3 172.875 -62.9375 101.375
89701.6 269.250 -47.8125 80.3750
89732.9 328.500 -9.00000 79.9375
89785.3 223.562 52.2500 110.750
89822.2 144.062 78.8750 107.625
89852.3 186.625 80.1875 90.4375
89897.8 260.438 51.4375 -24.5000
89912.4 219.500 18.3125 -101.625
89935.4 190.312 6.68750 -156.062
89942.2 215.750 17.9375 -191.312
89972.3 283.438 37.3750 -213.000
90009.3 352.438 102.562 -223.938
90024.8 353.375 113.250 -218.375
90047.3 361.188 121.938 -197.875
90062.2 358.875 125.688 -187.375
90100.5 293.312 107.812 -166.125
90121.9 252.812 99.7500 -160.188
90144.1 216.938 110.500 -168.250
90152.2 205.062 114.375 -168.375
90174.7 203.125 109.938 -172.188
90199.1 185.938 115.000 -190.312
90212.5 155.250 122.625 -206.125
90235.5 132.438 127.438 -199.812
90262.7 122.938 120.250 -200.438
90280.0 95.3750 115.812 -211.812
90324.6 54.7500 118.875 -215.875
90339.6 27.2500 120.625 -210.438
90361.9 18.6250 118.250 -194.125
90384.9 13.3125 110.812 -191.312
90399.6 -0.750000 108.875 -198.875
90415.0 -23.2500 114.750 -194.250
90437.3 -45.8750 116.062 -178.875
90452.3 -64.1250 115.812 -175.062
90489.5 -55.0625 118.938 -177.062
90511.8 -45.1250 115.062 -160.188
90564.3 -39.7500 81.9375 -112.000
90601.4 -28.6250 50.1250 -101.750
90624.3 -8.56250 37.3750 -92.1250
90654.5 21.4375 30.4375 -70.2500
90693.4 18.3125 22.1875 -69.9375
90721.0 19.0000 13.2500 -59.1875
90774.8 23.2500 2.68750 -42.3750
90789.8 11.4375 0.562500 -39.4375
90856.7 -12.3125 -2.43750 -51.8750
90894.7 18.5000 -15.0625 -34.4375
90932.2 35.8125 -31.3750 -35.1875
90954.0 45.5625 -39.0625 -37.6250
91006.4 55.5625 -43.3750 -36.3750
91067.3 64.1875 -38.8750 -26.6250
91088.8 60.3125 -38.1250 -30.8125
91164.6 58.0000 -31.5625 -35.6875
91202.6 37.4375 -28.3125 -42.3750
91233.3 41.3125 -33.3125 -43.1250
91247.5 42.7500 -44.6875 -48.0000
91277.1 47.1875 -45.9375 -56.7500
91292.2 50.8750 -43.6875 -61.6875
91322.1 59.9375 -44.5000 -61.8750
91344.4 66.5000 -46.9375 -64.3125
91359.1 71.8125 -50.3125 -64.1875
91390.2 67.2500 -47.1875 -59.6875
91404.2 62.2500 -42.2500 -59.0625
91427.4 63.6250 -39.0625 -60.5625
91449.6 67.0625 -40.3125 -63.0625
91465.4 67.8750 -45.3750 -65.6875
91494.6 64.6875 -50.8125 -66.6250
91516.1 58.8750 -53.6875 -67.8750
91532.3 45.6250 -56.6250 -65.3750
91547.8 43.0000 -55.8125 -64.5625
91570.3 42.5625 -54.6875 -64.3125
91599.2 49.0000 -53.8125 -62.8750
91614.4 47.0625 -56.2500 -60.8125
91659.8 40.1250 -57.8125 -62.3125
91674.6 36.6250 -60.5625 -62.3125
91719.3 23.0000 -71.7500 -71.1250
91735.1 17.2500 -74.5000 -71.3125
91764.6 4.75000 -70.1250 -72.3125
91794.8 13.3125 -64.3750 -64.9375
91831.4 7.31250 -67.1875 -57.1875
91846.7 -1.62500 -69.3750 -54.6250
91870.5 -6.25000 -67.4375 -52.6875
91899.5 -9.87500 -67.1250 -49.0000
91912.8 -3.50000 -66.8125 -46.7500
91937.6 0.875000 -66.0625 -41.1875
91951.4 -2.18750 -66.5000 -38.1875
91968.0 -10.9375 -68.8125 -39.1875
92012.3 -17.8750 -70.1250 -39.3125
92036.2 -21.1250 -70.3125 -39.1875
92057.2 -12.7500 -79.3125 -39.4375
92079.4 -13.4375 -81.5625 -45.1875
92094.9 -9.12500 -81.5000 -46.5625
92117.2 -14.9375 -84.5625 -48.6250
92144.8 -18.0625 -87.0625 -45.6250
92170.5 -12.6875 -84.1875 -44.2500
92191.9 -10.3750 -86.5000 -42.8750
92207.2 -5.31250 -92.1875 -46.3750
92229.5 0.750000 -93.4375 -47.1875
92252.6 7.18750 -92.6875 -46.8750
92267.1 9.62500 -98.1875 -46.5000
92297.1 14.1250 -103.125 -50.2500
92327.1 8.81250 -105.312 -52.6250
92349.8 -0.687500 -107.562 -55.6250
92365.4 3.50000 -108.500 -56.2500
92385.4 14.3125 -106.438 -51.8750
92403.1 22.3750 -107.500 -48.5000
92417.2 15.6250 -107.062 -53.6875
92446.8 2.93750 -99.9375 -46.4375
92470.4 5.43750 -101.875 -39.5625
92493.1 8.37500 -102.250 -50.6250
92522.6 18.8125 -97.3125 -60.4375
92537.2 28.8125 -95.8750 -55.7500
92559.8 19.1875 -96.3750 -51.3750
92587.6 4.56250 -83.2500 -50.6250
92612.2 8.81250 -76.9375 -50.9375
92642.3 3.62500 -72.8125 -48.8125
92657.2 -6.56250 -73.0625 -44.3750
92679.4 -5.31250 -73.6250 -51.2500
92694.7 16.1250 -75.3125 -60.8750
92709.5 34.5000 -72.7500 -59.3750
92732.1 42.3750 -67.5625 -52.4375
92754.5 41.4375 -66.4375 -42.5625
92777.1 8.68750 -70.5625 -41.8125
92798.0 -10.0625 -71.1250 -44.6250
92838.0 52.8125 -65.4375 -51.5625
92858.6 50.4375 -68.4375 -54.1875
92896.7 26.5000 -57.3125 -62.1250
92920.4 43.1875 -58.2500 -62.6875
92935.0 47.0000 -54.6250 -58.3750
92949.6 40.3125 -54.5625 -53.5625
92972.3 17.1250 -54.4375 -51.5000
92992.9 -5.87500 -51.6250 -51.6250
93015.9 10.0625 -46.3125 -50.5625
93038.6 57.3125 -44.1250 -47.8750
93069.7 91.6875 -43.6875 -43.3750
93092.3 93.0000 -42.0000 -41.1250
93107.1 83.1250 -36.3125 -37.6875
93122.1 92.0000 -32.1875 -33.8750
93151.8 121.188 -34.0625 -26.5625
93167.8 123.125 -39.2500 -22.6875
93189.8 90.4375 -34.1250 -22.3125
93212.2 84.5625 -28.8125 -14.6250
93234.9 125.812 -31.6875 -11.9375
93251.1 156.562 -35.6250 -15.4375
93279.8 152.812 -30.5625 -21.4375
93302.2 144.000 -23.9375 -19.9375
93317.7 146.000 -23.1250 -17.4375
93332.2 156.500 -23.2500 -9.93750
93355.5 141.375 -22.2500 -9.68750
93377.2 113.000 -19.2500 -9.75000
93399.1 96.2500 -17.3125 -5.37500
93429.7 121.750 -18.1875 -1.62500
93459.2 148.188 -20.0000 -2.56250
93489.8 162.500 -20.7500 -4.56250
93519.7 119.438 -18.0625 -3.18750
93535.0 112.250 -18.2500 -0.312500
93556.2 119.062 -20.0000 2.18750
93572.1 125.688 -20.1250 3.06250
93594.4 121.812 -21.2500 -3.81250
93616.9 110.312 -22.8125 -4.37500
93631.6 97.8125 -23.7500 -1.31250
93654.2 100.625 -22.4375 -0.125000
93677.2 109.250 -21.1875 2.56250
93692.2 108.438 -22.3125 1.50000
93714.8 103.375 -26.0625 2.87500
93735.7 90.7500 -27.9375 7.50000
93753.3 77.8125 -28.6250 11.9375
93782.4 66.0625 -29.4375 15.8750
93802.8 61.3750 -28.6250 18.6875
93819.6 61.0000 -24.9375 22.2500
93842.0 66.8125 -23.5625 26.5000
93857.1 73.5625 -25.2500 27.3125
93872.2 81.1250 -25.9375 27.6250
93894.2 89.6250 -25.9375 26.4375
93924.5 102.375 -26.5000 24.0000
93946.8 115.875 -26.7500 20.1875
93977.1 121.500 -28.6250 14.8750
93992.0 121.000 -27.5625 11.3750
94014.4 115.000 -26.1250 9.87500
94037.7 109.375 -23.0625 9.75000
94059.6 103.188 -19.6250 11.5000
94074.6 95.8750 -17.1250 12.7500
94103.8 89.8125 -15.0625 13.0000
94135.3 86.3125 -12.3125 7.87500
94149.7 84.6875 -10.9375 5.25000
94172.0 76.6250 -9.93750 5.12500
94187.3 63.0625 -9.50000 3.12500
94224.7 55.1250 -8.25000 0.250000
94254.6 53.0000 -7.06250 -1.06250
94269.9 48.5000 -7.06250 0.0625000
94284.1 41.8125 -8.00000 0.312500
94352.3 46.8750 -11.2500 -1.50000
94374.4 47.4375 -13.5625 -0.750000
94389.6 57.1250 -17.8750 -2.87500
94397.1 66.0625 -20.1250 -3.18750
94442.2 62.1250 -23.6250 -1.31250
94472.0 57.0000 -24.4375 -1.75000
94502.5 57.2500 -24.0000 1.75000
94524.3 48.1875 -22.8125 4.50000
94539.5 39.5625 -21.9375 5.06250
94592.0 40.0625 -20.8750 7.37500
94621.6 27.5625 -15.6250 8.75000
94674.7 -50.8750 21.5625 22.8125
94697.2 -97.3125 35.8750 30.6250
94704.4 -135.312 45.2500 39.1875
94726.6 -145.812 52.8125 51.0625
94749.7 -141.188 62.0625 62.3750
94764.7 -129.438 75.6250 79.3750
94787.5 -113.875 84.9375 94.6875
94809.0 -95.0000 91.3750 103.500
94823.9 -68.2500 97.1250 101.188
94847.2 -54.1875 98.1250 90.3750
94870.4 -45.3125 91.8125 72.3125
94884.8 -32.4375 88.5625 54.0625
94904.9 -26.3750 86.9375 33.7500
94944.6 -52.9375 80.2500 -2.12500
94966.6 -90.4375 77.0625 -22.4375
95011.8 -132.250 69.0000 -56.1875
95034.2 -144.938 65.4375 -71.1250
95064.6 -145.125 62.4375 -85.3125
95093.3 -143.625 57.5625 -89.4375
95140.8 -129.625 57.1875 -102.250
95155.0 -127.250 58.4375 -105.562
95207.2 -171.312 66.8125 -109.625
95244.5 -195.188 74.3750 -98.8125
95267.4 -207.750 74.3125 -89.5625
95305.0 -220.625 74.1250 -74.8750
95326.9 -222.125 74.5625 -68.7500
95364.7 -219.375 71.8125 -55.0625
95387.0 -211.750 67.6250 -48.7500
95431.9 -196.750 57.0625 -40.1875
95454.0 -189.938 54.4375 -35.5625
95484.3 -178.562 47.1250 -28.5625
95514.4 -170.500 40.0000 -23.3125
95566.9 -131.938 24.4375 -15.5000
95605.3 -139.250 12.6875 -15.2500
95627.2 -150.188 8.25000 -13.6250
95663.4 -151.750 -0.312500 -20.0000
95686.8 -136.688 -4.56250 -27.6875
95732.1 -86.0625 -19.0625 -42.8750
95755.0 -60.8125 -25.7500 -46.1875
95784.6 -27.8750 -36.0000 -45.1875
95807.1 -17.1875 -39.8125 -41.2500
95859.6 13.8750 -42.9375 -28.8750
95888.3 36.5000 -44.6250 -10.3750
95905.1 49.6250 -44.3750 -2.62500
95919.5 63.1875 -44.5000 5.06250
95941.0 77.6875 -44.5625 12.0625
95957.4 89.3750 -45.1875 19.7500
95979.7 101.500 -46.0000 24.3750
96009.9 111.688 -44.0000 27.4375
96024.1 122.312 -44.1250 30.7500
96046.4 127.188 -44.4375 30.4375
96061.9 130.938 -42.3125 30.1875
96076.9 132.812 -39.9375 30.5000
96106.8 132.938 -36.8125 29.8750
96129.7 135.375 -33.0625 30.3125
96152.1 138.125 -30.1875 29.4375
96167.9 140.375 -27.8125 28.8750
96189.2 142.750 -25.4375 28.1250
96212.4 145.375 -23.5625 26.8750
96227.2 152.438 -23.5000 23.6250
96250.0 156.188 -26.7500 20.3750
96264.0 150.188 -29.5000 19.3125
96278.4 143.000 -30.2500 17.8750
96301.8 137.500 -29.5000 15.5625
96323.2 135.125 -28.2500 12.7500
96339.5 137.375 -27.3750 8.75000
96361.3 140.000 -27.1250 4.50000
96384.9 140.938 -27.1875 0.875000
96400.4 135.312 -28.2500 -2.31250
96421.8 126.375 -29.2500 -5.00000
96444.4 114.125 -30.0000 -7.18750
96459.3 102.750 -31.2500 -8.93750
96482.1 93.3125 -31.5625 -10.3750
96505.4 87.5000 -31.7500 -10.9375
96519.4 86.1875 -31.6875 -10.5625
96542.1 84.0625 -31.6250 -10.3750
96564.6 82.7500 -32.3750 -11.1875
96579.6 79.8125 -34.0000 -11.0625
96602.4 77.0000 -35.5625 -11.2500
96624.8 76.6250 -36.4375 -11.8125
96638.5 78.6250 -37.0625 -12.3125
96661.4 81.8750 -38.0000 -11.5625
96692.2 87.8125 -38.8125 -10.1875
96705.7 93.5000 -39.3125 -8.43750
96735.6 99.9375 -39.6875 -5.81250
96758.7 104.438 -40.1250 -2.50000
96774.6 108.625 -39.7500 0.562500
96797.1 115.000 -38.5625 3.25000
96819.6 137.875 -36.8125 6.68750
96850.2 145.875 -36.1875 8.87500
96879.6 152.875 -36.1250 12.3750
96894.1 157.000 -36.3750 18.0625
96916.9 153.438 -35.9375 22.0000
96931.7 145.188 -34.8750 24.6250
96955.1 136.562 -32.5625 23.8750
96970.7 130.125 -30.2500 21.8750
96991.9 123.375 -28.7500 19.2500
97022.4 114.250 -27.2500 16.5625
97044.3 102.188 -25.3125 13.7500
97081.9 69.9375 -21.1875 6.18750
97112.0 58.8125 -18.4375 1.62500
97134.6 46.6875 -12.5625 -5.18750
97179.5 29.0000 -4.75000 -9.93750
97217.0 16.1250 -1.62500 -11.4375
97252.8 7.75000 1.81250 -12.0625
97306.7 7.25000 6.00000 -12.1250
97338.2 0.312500 7.50000 -9.81250
97366.4 -1.43750 8.81250 -3.75000
97404.3 3.62500 10.0625 -3.31250
97418.5 7.25000 11.1875 -2.93750
97434.7 4.87500 12.3125 -2.00000
97449.6 -4.25000 13.6250 -0.0625000
97465.0 -18.5625 15.1250 2.43750
97487.0 -34.1875 16.5000 4.93750
97502.1 -46.7500 17.5000 6.68750
97524.2 -52.8125 17.8750 7.93750
97561.9 -54.4375 17.3750 9.43750
97578.0 -54.1250 16.0625 10.6875
97620.8 -46.8750 11.6250 11.0625
97637.1 -41.2500 8.68750 10.0625
97652.0 -35.4375 5.62500 8.06250
97682.1 -30.5000 2.25000 5.06250
97697.2 -26.0625 -1.25000 1.37500
97719.3 -22.5000 -4.50000 -2.12500
97741.8 -12.8125 -9.62500 -9.25000
97772.3 -7.93750 -11.0625 -12.4375
97802.7 -4.37500 -12.3750 -14.3125
97816.9 -3.31250 -13.6875 -16.3750
97839.9 -1.68750 -14.7500 -19.6250
97862.1 -3.68750 -15.1875 -24.6250
97885.3 -8.50000 -14.3750 -25.8125
97914.4 -12.5625 -12.5000 -25.8125
97929.2 -14.5000 -10.6250 -25.0000
97951.6 -13.2500 -9.00000 -23.4375
97981.5 -8.43750 -4.87500 -20.4375
98004.7 -8.93750 -2.50000 -18.1875
98027.3 -10.9375 -0.312500 -15.4375
98049.6 -13.1250 1.43750 -12.1250
98073.3 -15.8750 3.18750 -8.62500
98109.6 -18.6250 7.18750 -2.56250
98132.3 -17.4375 8.75000 0.250000
98153.8 -15.3125 9.68750 2.93750
98176.5 -13.5625 10.1250 5.62500
98199.8 -12.0000 10.6875 7.50000
98214.1 -10.6250 11.3750 8.68750
98228.8 -9.43750 12.3750 9.37500
98244.6 -9.37500 12.7500 11.4375
98290.1 -12.0625 12.6250 12.7500
98311.3 -12.9375 12.0000 13.0000
98326.9 -11.2500 11.6875 13.8125
98349.1 -11.0000 10.8125 14.7500
98364.5 -9.37500 10.5625 14.5000
98393.9 -6.31250 9.93750 13.8750
98417.7 -4.00000 8.62500 13.3750
98432.0 -3.81250 7.68750 12.6250
98447.0 -4.81250 6.50000 12.3125
98477.1 -6.56250 5.43750 11.6875
98490.0 -6.87500 4.12500 10.8125
98514.2 -5.06250 2.56250 10.0625
98536.7 -2.31250 0.875000 9.18750
98552.0 0.00000 -0.437500 8.37500
98574.9 1.37500 -1.18750 7.06250
98589.5 2.25000 -1.81250 5.62500
98604.7 2.37500 -2.00000 4.18750
98627.0 1.43750 -2.06250 3.00000
98649.3 -0.750000 -1.75000 1.81250
98664.6 -4.37500 -1.12500 1.31250
98687.0 -8.00000 0.312500 0.250000
98709.0 -10.0625 2.25000 0.187500
98723.9 -14.2500 4.87500 -0.0625000
98747.0 -17.0625 7.81250 -1.31250
98770.3 -19.0625 11.1875 -1.12500
98786.4 -24.6250 14.6250 -0.250000
98807.1 -34.2500 18.6250 2.12500
98829.1 -45.5625 22.8125 5.25000
98843.9 -56.3125 26.4375 9.50000
98866.7 -65.3750 29.2500 13.6875
98890.2 -71.3125 31.3125 16.3125
98904.6 -73.0000 32.0000 17.2500
98926.8 -74.1875 32.0000 16.1250
98949.3 -75.6250 31.1875 13.3125
98964.1 -77.3125 30.5000 9.81250
98986.6 -78.8750 29.1875 5.68750
99009.4 -78.9375 26.9375 1.12500
99024.6 -77.0625 24.9375 -4.43750
99038.9 -73.1250 22.9375 -11.0000
99061.2 -67.8750 21.2500 -16.6875
99076.1 -65.6250 19.2500 -21.6875
99099.7 -66.1250 17.9375 -25.9375
99122.1 -69.5000 16.8750 -28.5625
99137.7 -74.0000 16.2500 -30.3125
99166.8 -76.6250 15.8125 -30.6250
99197.1 -78.2500 16.0000 -30.6875
99211.9 -78.1875 15.2500 -30.8125
99226.5 -76.3750 15.0000 -29.1875
99241.2 -75.1875 14.7500 -26.6250
99255.7 -74.5000 14.9375 -25.0000
99279.6 -73.6250 15.3750 -23.3750
99302.0 -72.6875 15.8125 -21.7500
99318.4 -71.4375 16.4375 -20.6875
99339.5 -70.7500 18.0000 -19.8125
99362.0 -72.1875 19.5000 -18.5000
99377.1 -77.1250 21.0000 -16.6250
99399.5 -84.5000 22.5625 -14.6250
99422.1 -90.9375 23.8750 -13.1875
99440.3 -95.1250 24.1250 -11.5000
99459.2 -96.8125 22.5625 -10.0000
99481.8 -96.2500 19.5000 -10.1875
99496.7 -93.5000 15.2500 -11.7500
99519.8 -88.5625 10.3125 -14.8750
99540.5 -80.5625 4.87500 -19.0000
99557.3 -68.2500 -1.06250 -24.2500
99579.4 -51.5000 -7.25000 -29.5000
99609.2 -32.8750 -13.3125 -34.0000
99624.6 -16.1875 -18.0000 -38.1875
99646.7 -5.50000 -21.3750 -38.0625
99659.8 -1.87500 -23.1250 -35.8125
99676.5 -0.812500 -23.3750 -32.0000
99699.3 -1.25000 -23.5000 -27.5000
99736.4 -1.75000 -26.0000 -15.4375
99759.1 -1.56250 -24.2500 -8.68750
99796.4 -11.2500 -4.06250 5.18750
99819.2 -23.8125 2.75000 9.37500
99855.8 -39.8125 5.12500 13.8125
99887.8 -26.0625 5.00000 12.1875
99933.5 6.81250 4.06250 7.56250
99947.1 17.0000 2.18750 7.18750
99998.8 56.7500 0.250000 7.25000
100036. 68.7500 0.437500 4.62500
100060. 68.4375 1.06250 4.68750
100096. 57.7500 1.37500 5.25000
100119. 51.0625 1.93750 6.68750
100157. 42.7500 2.31250 6.31250
100179. 42.9375 0.187500 5.31250
100217. 55.5625 -5.56250 3.37500
100240. 63.5000 -6.18750 1.50000
100276. 72.6875 -7.56250 -0.125000
100298. 74.7500 -9.00000 0.312500
100336. 72.8750 -11.7500 -0.812500
100359. 71.6250 -13.2500 -0.437500
100397. 77.6250 -12.1250 2.81250
100421. 79.8125 -11.1875 4.50000
100464. 78.9375 -10.1875 8.93750
100486. 74.8125 -9.00000 9.43750
100539. 60.4375 -6.12500 6.50000
100555. 49.8750 -4.18750 4.62500
100569. 37.4375 -1.87500 3.81250
100607. 26.1250 0.500000 2.43750
100630. 22.2500 2.25000 2.00000
100652. 16.2500 4.68750 1.50000
100674. 7.43750 6.62500 2.62500
100689. -1.68750 7.87500 4.75000
100712. -9.43750 7.75000 6.81250
100734. -15.1875 6.68750 7.62500
100764. -18.5625 5.50000 8.18750
100788. -18.0625 4.56250 7.93750
100817. -17.3750 4.12500 4.00000
100832. -18.6875 3.62500 2.50000
100855. -21.3750 3.43750 1.56250
100877. -24.5625 3.93750 0.875000
100907. -27.4375 4.00000 0.0625000
100937. -31.3125 0.312500 -0.375000
100957. -27.6250 -1.87500 -0.875000
100982. -19.5000 -1.31250 -3.18750
100997. -12.3750 -0.125000 -6.68750
101020. -11.5000 0.375000 -8.68750
101035. -13.8125 0.187500 -8.81250
101050. -18.2500 1.12500 -8.31250
101072. -21.8750 2.75000 -8.81250
101092. -20.8125 3.50000 -8.25000
101117. -18.5000 3.75000 -8.12500
101132. -16.1250 4.18750 -7.93750
101155. -12.3125 4.75000 -7.62500
101177. -8.50000 4.25000 -7.25000
101199. -5.75000 2.87500 -6.68750
101222. -4.18750 0.375000 -5.75000
101243. -1.43750 -2.12500 -5.06250
101267. 3.25000 -4.00000 -5.43750
101282. 9.31250 -5.56250 -6.43750
101297. 16.4375 -7.50000 -7.00000
101312. 23.7500 -9.93750 -6.56250
101334. 29.0000 -12.4375 -4.56250
101355. 33.7500 -15.0625 -2.56250
101372. 39.5625 -16.6250 -1.75000
101394. 44.8125 -16.4375 -2.06250
101417. 49.3750 -15.0000 -1.50000
101439. 52.8125 -14.6250 -0.125000
101462. 57.0000 -14.8750 1.50000
